D is 6
The point are: 12 846 4189 8786 20634 64571 610950 1164831 2170159 2309802 3177231 3379455 3511279 3690443 3690446 4948270 4948272 5838099 
The edges are: [846 12]
[846 5838099]
[846 3511279]
[846 1164831]
[846 610950]
[846 2309802]
[12 4948270]
[4948270 4948272]
[5838099 20634]
[20634 3177231]
[3511279 4189]
[4189 2170159]
[1164831 3379455]
[610950 8786]
[8786 64571]
[2309802 3690443]
[3690443 3690446]
Query size is: 6
4948272 3177231 2170159 3379455 64571 3690446 
The sum weight of Tree is: 189.864
