D is 6
The point are: 73 260 500 846 4023 55662 147158 151970 151974 1771083 1844101 3021016 3021018 3034127 3740650 5051212 5683381 5715669 5726782 
The edges are: [500 55662]
[500 151974]
[500 5726782]
[500 147158]
[500 3034127]
[500 3740650]
[55662 73]
[55662 4023]
[151974 151970]
[5726782 5715669]
[73 1771083]
[4023 1844101]
[147158 3021016]
[3021016 3021018]
[3034127 260]
[260 5051212]
[3740650 846]
[846 5683381]
Query size is: 8
5715669 5051212 5683381 1844101 55662 151970 1771083 3021018 
The sum weight of Tree is: 18
