D is 6
The point are: 47440 50178 61466 65566 67450 129648 248913 310179 360611 360726 361935 362598 377396 378047 389133 390297 390298 443710 449080 508650 
The edges are: [47440 377396]
[47440 65566]
[47440 362598]
[47440 61466]
[47440 389133]
[47440 360611]
[47440 360726]
[377396 443710]
[65566 310179]
[310179 50178]
[362598 378047]
[61466 508650]
[508650 67450]
[389133 449080]
[449080 361935]
[360611 390297]
[390297 390298]
[360726 248913]
[248913 129648]
Query size is: 7
443710 50178 378047 67450 361935 390298 129648 
The sum weight of Tree is: 19
