6 3 3
8 3 8
3 3 6
2 4 11
3 3 6
2 3 5
3 3 4
2 3 5
2 3 9
2 4 7
2 5 7
3 4 3
3 3 4
2 3 6
3 3 8
2 3 4
2 3 4
3 4 12
2 4 5
3 4 7
2 4 4
3 4 8
2 4 5
2 5 5
3 3 4
3 3 3
3 3 7
2 3 5
2 4 3
3 2 6
3 4 11
2 3 8
3 3 4
3 3 8
2 5 5
3 4 9
2 3 6
3 2 2
3 3 6
3 5 7
2 3 6
2 4 6
2 3 5
3 4 8
2 4 6
3 4 7
2 4 9
3 4 4
2 3 9
3 4 6
3 6 54
3 15 61
3 17 100
3 18 60
3 38 54
4 26 139
4 15 169
3 37 61
3 9 83
4 13 72
3 15 55
3 16 81
3 11 66
4 9 32
3 6 24
3 17 136
3 16 123
3 26 123
3 13 94
4 14 63
3 15 117
3 10 73
3 18 84
3 9 148
4 9 59
3 18 65
5 12 64
3 27 132
3 14 105
3 10 103
3 20 172
3 24 96
3 21 92
3 10 55
4 20 178
3 9 42
4 8 96
3 10 65
3 20 67
4 10 117
3 15 54
3 12 133
4 13 79
3 10 62
3 28 110
3 10 74
3 18 98
3 14 69
3 10 59
3 8 50
4 63 557
4 17 246
5 24 125
4 58 241
4 59 125
4 72 175
4 14 134
5 22 113
4 18 734
4 49 160
5 37 178
4 39 347
4 39 164
4 71 130
4 35 156
4 33 121
4 33 306
5 18 199
5 17 231
4 15 242
4 27 124
5 66 371
4 68 229
5 16 446
4 29 119
4 22 123
4 14 124
4 55 307
4 19 104
6 68 129
4 64 357
4 29 405
5 41 318
4 20 182
4 20 202
5 22 443
5 14 632
5 13 524
4 80 220
4 20 565
4 18 252
4 15 121
5 36 128
4 35 118
4 31 477
5 17 192
4 23 493
4 14 111
4 16 191
4 17 133
3 3 53
2 3 42
2 3 51
3 3 10
3 2 58
2 3 48
2 4 46
2 3 37
3 3 76
3 3 24
2 3 38
2 2 38
3 4 101
2 3 74
2 2 46
2 2 39
2 3 59
2 2 42
3 3 89
3 3 9
6 4 76
2 4 99
2 3 48
2 2 46
3 2 55
2 3 33
2 3 49
2 3 25
2 4 42
2 2 69
2 2 80
2 2 30
2 2 38
2 3 13
2 3 21
2 2 30
2 2 46
2 3 47
2 3 68
2 3 67
2 2 55
2 4 64
2 3 76
3 4 64
2 4 64
2 4 26
2 2 53
2 2 61
2 2 10
2 2 48
44 267 379
54 251 362
43 139 212
72 218 294
52 245 361
44 127 188
55 256 365
43 135 208
53 266 366
45 135 197
51 257 375
54 267 383
45 277 407
43 190 255
54 174 235
47 258 363
43 259 374
45 274 392
53 267 381
45 257 396
50 254 372
44 139 202
54 255 368
42 247 370
51 263 388
52 276 393
52 177 349
54 263 379
53 262 383
43 133 213
61 259 374
41 248 348
44 156 214
52 253 373
55 280 365
45 250 360
46 252 374
55 259 363
43 277 405
55 258 370
45 142 205
54 259 372
54 246 355
51 249 347
43 243 350
56 237 341
51 222 347
43 156 308
51 253 358
44 232 346
Aver:
12.376 57.064 147.064
