D is 6
The point are: 49682 52340 55862 56500 65560 66304 121975 131198 142425 149940 153526 310179 310181 335172 335173 420731 420733 508648 
The edges are: [310179 52340]
[310179 55862]
[310179 121975]
[310179 149940]
[310179 153526]
[310179 131198]
[310179 65560]
[310179 142425]
[310179 49682]
[131198 310181]
[310181 56500]
[65560 508648]
[508648 66304]
[142425 335172]
[335172 335173]
[49682 420731]
[420731 420733]
Query size is: 9
420733 55862 121975 149940 52340 335173 66304 153526 56500 
The sum weight of Tree is: 17
