D is 6
The point are: 62 952 1363 1500 2354 8126 9256 16784 18945 21581 27301 312746 332999 364742 527688 822217 1541076 2584656 3899344 5717354 
The edges are: [952 1500]
[952 3899344]
[952 364742]
[952 16784]
[952 5717354]
[952 312746]
[952 1541076]
[1500 62]
[62 21581]
[3899344 9256]
[9256 2584656]
[16784 1363]
[1363 27301]
[5717354 18945]
[18945 822217]
[312746 2354]
[2354 527688]
[1541076 8126]
[8126 332999]
Query size is: 7
21581 2584656 364742 27301 822217 527688 332999 
The sum weight of Tree is: 171.563
