D is 6
The point are: 12 153 415 568 846 1000 2245 2314 21955 55662 57549 76022 584408 700701 798992 818412 1043363 1900668 2699813 3097545 4360378 4554885 5682735 5682738 
The edges are: [55662 12]
[55662 1000]
[55662 21955]
[55662 153]
[55662 2314]
[55662 568]
[55662 415]
[12 818412]
[12 846]
[1000 2699813]
[21955 1043363]
[21955 3097545]
[846 584408]
[153 700701]
[153 5682735]
[5682735 5682738]
[3097545 4554885]
[2314 57549]
[57549 1900668]
[568 798992]
[798992 76022]
[415 2245]
[2245 4360378]
Query size is: 10
584408 4360378 818412 2699813 700701 5682738 1900668 4554885 76022 1043363 
The sum weight of Tree is: 245.717
