D is 6
The point are: 49192 50404 53634 65602 65860 143085 248991 310179 359198 359208 364099 371487 432899 455054 455056 495371 498068 508650 508717 694572 
The edges are: [310179 49192]
[310179 53634]
[310179 65602]
[310179 50404]
[310179 65860]
[310179 143085]
[49192 495371]
[53634 455054]
[455054 455056]
[65602 508650]
[65602 248991]
[508650 508717]
[248991 432899]
[50404 498068]
[498068 371487]
[65860 694572]
[694572 364099]
[143085 359198]
[359198 359208]
Query size is: 8
495371 455056 508717 49192 432899 371487 364099 359208 
The sum weight of Tree is: 190.561
