D is 6
The point are: 62 572 676 1197 2885 12829 55660 367500 529637 1153939 1324462 1551922 2260224 2586246 2754383 4316659 4713087 4901868 5550542 
The edges are: [62 2586246]
[62 4713087]
[62 4316659]
[62 1153939]
[62 529637]
[62 55660]
[62 1324462]
[4713087 676]
[676 2754383]
[4316659 572]
[572 4901868]
[1153939 1197]
[1197 5550542]
[529637 2260224]
[55660 12829]
[12829 367500]
[1324462 2885]
[2885 1551922]
Query size is: 7
367500 4901868 2754383 2260224 1551922 2586246 5550542 
The sum weight of Tree is: 157.851
