D is 6
The point are: 62 676 24722 69302 286702 782526 943226 1039005 1357572 2826131 3428418 4175580 4713087 4753117 4823266 4840712 4881178 
The edges are: [62 1039005]
[62 943226]
[62 3428418]
[62 4840712]
[62 4713087]
[62 4823266]
[62 2826131]
[62 69302]
[62 24722]
[4713087 676]
[676 1357572]
[4823266 782526]
[2826131 4175580]
[69302 4753117]
[24722 4881178]
[4881178 286702]
Query size is: 9
782526 4175580 3428418 943226 4753117 1357572 286702 1039005 4840712 
The sum weight of Tree is: 160.889
