D is 6
The point are: 47426 49254 56500 60980 65602 65650 132385 132576 137823 142820 150064 150571 248913 310179 404342 508144 508650 511074 
The edges are: [310179 49254]
[310179 60980]
[310179 132576]
[310179 150064]
[310179 150571]
[310179 65602]
[310179 142820]
[310179 65650]
[310179 132385]
[65602 508650]
[508650 137823]
[142820 248913]
[248913 56500]
[65650 47426]
[47426 508144]
[132385 511074]
[511074 404342]
Query size is: 9
404342 60980 508144 56500 132576 137823 49254 150064 150571 
The sum weight of Tree is: 169.826
