D is 6
The point are: 47440 47476 49872 53298 54798 55544 57470 61746 65602 131627 135860 310179 310196 361479 361939 366748 384535 411593 411598 497659 
The edges are: [47476 131627]
[47476 55544]
[47476 53298]
[47476 135860]
[47476 65602]
[47476 49872]
[131627 411593]
[411593 411598]
[55544 497659]
[497659 361479]
[53298 47440]
[47440 361939]
[135860 310196]
[310196 54798]
[65602 310179]
[310179 57470]
[310179 61746]
[49872 384535]
[384535 366748]
Query size is: 7
411598 361479 361939 54798 57470 366748 61746 
The sum weight of Tree is: 19
