D is 6
The point are: 47426 49254 56500 65602 65650 68882 131198 132385 137823 143217 150064 150571 248991 310179 310181 404342 508144 511074 
The edges are: [310179 49254]
[310179 68882]
[310179 143217]
[310179 150064]
[310179 150571]
[310179 131198]
[310179 65602]
[310179 132385]
[310179 65650]
[131198 310181]
[310181 56500]
[65602 248991]
[248991 137823]
[132385 511074]
[511074 404342]
[65650 47426]
[47426 508144]
Query size is: 9
404342 143217 508144 56500 68882 137823 49254 150064 150571 
The sum weight of Tree is: 17
