D is 6
The point are: 7 479 780 952 1054 1759 1760 27148 35124 37996 237742 268677 334346 606801 1432458 1513758 1629721 1772014 2039364 2223592 2439770 2871495 3116319 5081532 
The edges are: [780 1772014]
[780 1513758]
[780 3116319]
[780 268677]
[780 237742]
[780 5081532]
[780 606801]
[780 2871495]
[1772014 952]
[952 334346]
[1513758 1629721]
[3116319 7]
[7 2039364]
[268677 1054]
[1054 35124]
[237742 27148]
[27148 2223592]
[5081532 1760]
[1760 1759]
[606801 479]
[479 2439770]
[2871495 37996]
[37996 1432458]
Query size is: 8
334346 1629721 2039364 35124 2223592 1759 2439770 1432458 
The sum weight of Tree is: 23
