D is 6
The point are: 47426 56500 61110 65602 65650 66292 131139 131198 132385 137093 142412 142575 248991 310179 310181 325740 325741 359176 378563 382576 404342 450530 450564 494450 508144 511074 
The edges are: [310179 132385]
[310179 66292]
[310179 65650]
[310179 131198]
[310179 61110]
[310179 65602]
[310179 142412]
[310179 131139]
[310179 142575]
[132385 511074]
[511074 404342]
[66292 450530]
[450530 450564]
[65650 47426]
[47426 508144]
[131198 310181]
[310181 56500]
[65602 248991]
[248991 137093]
[142412 325740]
[325740 325741]
[131139 378563]
[378563 359176]
[142575 494450]
[494450 382576]
Query size is: 9
404342 450564 508144 56500 61110 137093 325741 359176 382576 
The sum weight of Tree is: 25
