D is 6
The point are: 62 178 1324 1446 2282 2707 5983 36951 141441 262168 597137 917504 1701641 1733404 1771107 2170159 2559742 2753682 3092305 3336330 3705245 3957788 4022276 4543200 5725382 
The edges are: [2707 2753682]
[2707 262168]
[2707 2559742]
[2707 917504]
[2707 3092305]
[2707 5983]
[2707 597137]
[2707 1324]
[2753682 36951]
[36951 3336330]
[262168 62]
[62 4022276]
[2559742 2282]
[2282 2170159]
[917504 1446]
[1446 1771107]
[3092305 1733404]
[1733404 3957788]
[5983 4543200]
[4543200 5725382]
[597137 178]
[178 141441]
[1324 3705245]
[3705245 1701641]
Query size is: 8
3336330 4022276 2170159 1771107 3957788 5725382 141441 1701641 
The sum weight of Tree is: 24
