D is 6
The point are: 52946 65834 132439 141782 144867 151156 310179 380083 380087 380367 412672 430360 497006 712790 713959 728993 729210 
The edges are: [310179 52946]
[310179 151156]
[310179 144867]
[310179 65834]
[310179 132439]
[310179 141782]
[52946 712790]
[712790 728993]
[151156 713959]
[713959 729210]
[65834 380083]
[380083 380087]
[132439 497006]
[497006 380367]
[141782 430360]
[430360 412672]
Query size is: 6
728993 729210 144867 380087 380367 412672 
The sum weight of Tree is: 170.14
