D is 6
The point are: 1083 5339 6179 6180 18325 47185 77244 150614 989434 993807 1153580 1749660 1868017 1999923 2196037 3261797 3409928 4692059 
The edges are: [6180 1153580]
[6180 150614]
[6180 1868017]
[6180 4692059]
[6180 1749660]
[6180 989434]
[1153580 1083]
[1083 993807]
[150614 77244]
[77244 1999923]
[1868017 5339]
[5339 2196037]
[4692059 6179]
[1749660 18325]
[18325 3409928]
[989434 47185]
[47185 3261797]
Query size is: 6
993807 1999923 2196037 6179 3409928 3261797 
The sum weight of Tree is: 17
