D is 6
The point are: 62 572 1084 1500 99098 187871 280308 280651 1313557 1635155 1811863 1811882 2011073 2938749 3724395 3776715 4182771 5859030 
The edges are: [1084 2011073]
[1084 4182771]
[1084 1635155]
[1084 1500]
[1084 1313557]
[4182771 62]
[62 280308]
[62 3724395]
[62 280651]
[62 2938749]
[62 3776715]
[1635155 572]
[572 99098]
[1500 187871]
[187871 5859030]
[1313557 1811863]
[1811863 1811882]
Query size is: 9
1811882 3776715 2011073 2938749 3724395 280308 280651 5859030 99098 
The sum weight of Tree is: 158.967
