D is 6
The point are: 62 740 15146 21215 21367 91350 115138 121224 130811 210927 236306 259165 354489 475019 578303 582327 582329 1099993 1110932 1629721 2269726 5050028 
The edges are: [62 1099993]
[62 236306]
[62 740]
[62 91350]
[62 582327]
[62 354489]
[62 115138]
[62 210927]
[1099993 121224]
[121224 259165]
[236306 5050028]
[740 130811]
[91350 578303]
[582327 582329]
[582329 1629721]
[354489 21215]
[21215 1110932]
[115138 2269726]
[2269726 475019]
[210927 15146]
[15146 21367]
Query size is: 8
259165 5050028 130811 578303 1629721 1110932 475019 21367 
The sum weight of Tree is: 226.549
