D is 6
The point are: 47440 49988 50416 51420 57704 58668 65566 129574 142962 248899 248913 248986 310179 359255 360726 361939 367301 367872 392736 403971 428520 451148 
The edges are: [47440 361939]
[47440 360726]
[47440 367872]
[47440 50416]
[47440 65566]
[47440 58668]
[47440 51420]
[47440 57704]
[360726 248913]
[248913 129574]
[367872 142962]
[50416 451148]
[451148 403971]
[65566 310179]
[310179 49988]
[58668 248899]
[248899 367301]
[51420 248986]
[248986 428520]
[57704 392736]
[392736 359255]
Query size is: 8
361939 129574 142962 403971 49988 367301 428520 359255 
The sum weight of Tree is: 21
