191 1888 490
7 75 95
178 330 165
30 411 156
2648 64562 436
60 2425 230
227 7428 34
908 9698 428
999 141 207
1655 193 177
6823 722 197
47 3774 129
27 19957 136
35 1065 179
7 2939 230
6 139 186
3 4 21
186 242 994
75 9869 1368
96 124 1076
11 418 42
7 45 6
19 193 117
9 126 118
7 675 292
686 17667 3042
8 243 542
6 103 312
6 25 185
125 23 119
16 169 1427
42 1357 10
1430 53906 4233
28 53635 2656
131 1141 2344
271 306 107
7 141 190
6 160 104
6 1706 4
8 72 131
2 92 121
8 133 28
44 59940 826
7 91 210
10 5527 776
860 4108 244
177 35 17
3 3 6
93 101 385
89 4236 969
9 12400 8278
2081 64562 1960
239 29905 25
1517 61028 2049
1189 65618 276
427 51140 1982
1718 1662 285
1333 56836 51138
5028 57081 360
10230 55319 2502
1103 298 19685
580 248 1773
1011 89334 50813
19 45127 673
386 52344 135
594 58178 162
3554 276 2754
4 1101 279
675 11573 3223
81 468 2509
5875 5387 2385
33 661 1030
19 12 10
102203 31979 678
313 39937 1341
1550 50333 8676
4913 950 187
273 236 6298
996 53279 5168
8 33 306
84 115 657
9 1972 115
38 1485 751
58 50398 689
589 41441 6495
273 1519 303
143 136 116
372 66592 1696
6 1427 226
96 5661 230
510 1714 156
6 119 129
10 15579 1915
5279 4927 561
153 13434 1595
113 140 1170
17 401 1429
5 3 15
20474 1180 732
12 10003 674
9 42763 801
6 10018 1136
967 3446 1476
6 222 691
6 1755 289
12 32988 115
130 4225 194
195 160 1076
3410 8512 257
1253 13085 2053
8957 50686 1573
1500 450 249
203 112 705
7795 55988 790
150 29823 439
20 43748 2426
34 154 846
35 882 668
14 140 2102
49 118 29210
214 4218 252
30 46925 1478
4697 58542 3969
32 161 414
6 11943 301
46 343 1082
7 126 549
6 6 283
5479 37281 714
53 43540 167
50 68 10
8 161 3
158 203 394
1817 12436 3188
1560 53117 8416
79 5305 152
259 52 19
11 5 4
45280 51470 309
8 654 146
108 49078 275
275 51210 203
99 767 224
97 1405 110
58 58276 265
3903 56935 902
12 14147 18276
728 45894 342
7 1603 50
68 1278 198
152 166 1175
1128 51024 687
5 9 7
19 8 88
982 50651 323
613 53145 1835
16167 46172 187
6230 51188 1517
13 4398 2903
2713 52586 622
143 552 2682
2 2 2
578 1929 142
143 138 643
9 21 210
235 7911 383
143 2474 230
711 4206 4136
24 115 144
14 45578 550
3 958 501
13 21769 1655
152 8171 857
322 186 1211
4 7406 978
64 8827 991
20 51759 182
962 334 744
99 3049 163
36 14166 642
7 217 3356
154 36781 937
434 52782 50007
9477 61379 1124
4260 86262 50011
2715 5046 700
9 88 236
153 55685 362
46 50100 124
9 6 536
20 108 1535
51620 56753 230
10 534 227
180 53400 1671
514 56802 951
7441 6978 249
696 5001 1174
15421 50004 797
15 39294 23
1885 542 637
7 3978 265
890 52488 985
3843 17905 2773
3 3 68
354 1304 938
130 50197 4667
672 74469 42090
1284 2867 955
21084 50015 3875
128 13 335
128 47530 536
21 50122 169
6 4 120
8 2534 544
52 2645 98
15270 403 203
151 781 802
425 50098 140
28 5934 190
4013 51837 1063
172 47411 2823
12 7241 1326
53 30344 472
9476 52124 2594
2693 2272 370
323 10010 1114
127 55084 1896
9 472 356
179 66462 13499
10 8196 6234
56034 1256 474
15917 24289 301
43 153 986
152 23912 1483
69 239 164
6 1395 570
202 151 23
4799 7964 338
48 125 420
63 53571 361
17 20478 732
346 50367 607
649 51539 1455
1256 51928 124
41 136 211
2798 2879 217
35 440 38
8 4 23
15 16949 332
163 51074 571
181 58379 2331
173 50337 751
2013 54615 273
25 12906 674
2604 51233 8319
2855 598 153
6 223 104
2633 50072 389
24 51645 272
4017 50337 1208
258 3314 8
5076 270 861
1118 711 4180
200 53437 206
278 153 291
23 973 497
22105 53543 1108
144 958 532
5 3053 575
2414 57214 266
77 50687 249
25 646 80
18 19272 889
9 16813 178
30 320 148
2523 119 67
7 3 33
8 18 387
24 57 11
43 2407 856
226 36 20
874 21 128
54 239 162
261 647 408
188 53 121
343 44 22
7 374 354
6 4 5
6272 167 226
5 114 131
14004 1127 434
203 100 186
8 4073 22
6 1197 1036
6 86 355
1520 57 134
69 1146 242
267 25 98
13 91 128
24 1531 149
1445 64 47
5580 277 237
12 208 147
1419 192 301
6 4 23
28444 7960 1409
26036 3626 4849
13 8 665
63 932 147
453 193 21
2307 10283 77
7 114 8
47 50779 615
305 20 13
6 513 379
1039 2601 37
271 2896 909
50 2517 1203
2120 964 1399
426 7116 2115
20917 908 708
11 446 8
100 130 137
308 679 127
6 807 5
3223 302 242
253 209 544
458 1426 615
367 403 135
25 5 143
113 284 206
213 28403 3634
6 64 54
10 1084 4
6 131 729
3 138 3
80 9 118
2208 295 100
16 954 104
15 1506 223
31 116 672
6 210 195
20 4996 247
17184 799 602
248 30 21
7 979 165
20 49 782
59 50178 263
718 35 24
64 122 146
16868 728 311
4337 479 557
1998 160 149
7 993 155
48 19 119
390 24 123
10 720 49
8 99 140
7 191 124
25 577 84
5 3 100
4 187 258
6 315 153
267 976 11
547 8606 72
6 228 6
116 12 38
5638 5549 280
9652 892 373
10 48 143
6 2253 39
357 202 1424
1215 38 586
623 227 2464
7 1740 205
142 505 227
201 4185 176
6 3 129
36 491 2912
981 8084 1657
16 9844 344
36 52526 263
13 120 114
3 10016 1144
5 121 2016
6 1204 982
178 146 643
7 211 185
3 2955 5
9 5607 125
12 137 136
13 8513 1120
29 7956 2354
7 12591 157
111 3000 158
1105 444 1126
49 3476 309
66 5142 775
6 117 194
1233 173 172
36 148 149
4884 64929 38350
15 5 84
10 127 114
6 416 99
6 131 844
52 8531 140
8 231 641
4 72 61
65 423 25
52 1258 168
106 52477 705
31 101 260
337 54789 10676
338 9096 542
3 391 311
3699 53290 3631
43 50713 3130
132 2306 427
71635 1312 3503
40 32100 187
75 482 1415
7 4302 1756
46 53639 244
1430 50246 1003
40 1561 97
132 50301 898
5 12765 158
7 2651 314
3 57 180
4 7767 150
8273 14252 478
3213 844 1962
145 113 118
139 129 296
190 1363 192
16 1154 1186
14 4663 4045
Aver:
2025.36 13947.4 1632.03
