18 10 397
7 14 446
6 16 108
5 7 40
5 8 6
5 36 18
6 55 129
6 6 216
6 7 6
7 16 1189
25 58 180
6 9 391
6 7 22
9 106 441
6 59 179
6 8 176
6 5 5
6 27 45
4 5 34
6 30 46
5 14 79
7 7 21
6 45 12
10 12 382
7 34 68
7 5 6
5 8 1136
8 140 88
6 29 291
8 9 24
5 5 5
6 10 431
6 6 7
8 79 601
5 5 5
6 29 255
6 8 6
6 58 450
5 6 5
6 5 6
5 5 5
6 6 325
7 11 354
5 6 382
6 16 19
6 14 457
5 12 187
6 5 6
7 11 476
8 27 203
5 22 1219
5 5 186
5 6 68
5 26 15
6 24 25
5 82 273
5 6 8
5 7 48
5 54 1114
5 25 64
5 6 354
5 33 71
6 34 78
4 5 6
5 5 5
6 59 135
7 6 13
5 4 5
6 5 7
7 161 338
5 6 7
5 5 156
6 44 95
7 10 367
5 8 300
5 6 6
5 5 7
7 65 231
4 6 82
7 85 157
6 7 685
6 8 158
5 13 400
6 7 695
5 9 141
5 42 108
8 31 870
6 5 5
5 8 281
5 5 6
6 6 5
6 18 97
6 8 597
6 14 154
5 17 27
6 33 246
5 6 73
5 19 14
4 48 121
4 5 6
8 8 734
11 34 299
5 82 674
6 95 236
7 28 484
5 6 5
6 9 79
5 9 177
9 130 536
5 15 1349
6 6 4
6 5 5
7 7 323
8 9 1303
6 77 179
5 6 10
5 7 916
8 90 21
7 18 386
9 67 173
7 7 847
5 49 106
5 7 6
7 11 362
6 9 171
6 18 142
5 7 341
5 6 4
6 19 470
6 8 456
6 10 396
12 30 332
8 154 415
5 5 6
5 5 6
4 5 5
7 106 860
10 96 2117
7 53 204
7 6 1133
4 5 4
5 35 72
7 8 711
6 86 235
7 119 338
5 8 10
7 12 603
6 46 103
5 5 5
10 39 535
6 22 1271
6 5 6
6 36 1057
5 5 5
6 37 399
7 6 227
8 97 305
6 55 124
4 6 109
6 6 12
6 115 77
8 16 500
6 5 483
8 111 241
5 6 5
5 9 434
8 84 298
15 16 904
6 7 52
7 9 476
7 8 1422
8 73 285
7 11 1117
5 4 5
7 34 532
7 5 5
5 7 1612
5 48 195
6 54 73
6 13 1399
6 5 336
8 32 502
8 8 794
7 12 393
9 16 359
9 116 259
9 16 603
12 36 953
32 15 459
5 9 301
9 7 855
14 17 698
9 74 944
6 14 1087
12 30 2075
9 25 560
7 26 665
7 56 687
8 37 668
10 18 816
Aver:
6.655 27.005 335.135
