D is 6
The point are: 3401 4872 9740 11582 13404 13806 28085 38131 235913 603702 834225 1091712 1750384 2047252 2083467 2314019 3365685 4503877 4577615 
The edges are: [3401 1750384]
[3401 603702]
[3401 1091712]
[3401 2083467]
[3401 834225]
[3401 235913]
[1750384 13806]
[13806 3365685]
[603702 28085]
[28085 4872]
[1091712 9740]
[9740 2047252]
[2083467 38131]
[38131 4577615]
[834225 13404]
[13404 4503877]
[235913 11582]
[11582 2314019]
Query size is: 6
3365685 4872 2047252 4577615 4503877 2314019 
The sum weight of Tree is: 236.923
