D is 6
The point are: 3404 3618 6450 11951 13549 19449 42090 184073 262431 388392 1042711 1323572 1404583 1633385 1657934 1779924 2019331 2744586 2883906 
The edges are: [6450 388392]
[6450 262431]
[6450 2883906]
[6450 13549]
[6450 1779924]
[6450 1633385]
[388392 42090]
[42090 1657934]
[262431 19449]
[19449 1323572]
[2883906 3618]
[3618 184073]
[13549 1404583]
[1404583 2019331]
[1779924 3404]
[3404 2744586]
[1633385 11951]
[11951 1042711]
Query size is: 6
1657934 1323572 184073 2019331 2744586 1042711 
The sum weight of Tree is: 235.594
