D is 6
The point are: 846 3453 6866 7706 13287 74099 136392 393766 549037 799084 825914 825915 934119 977054 1022241 1404723 2129405 2437775 3271282 3411774 3411776 4228058 
The edges are: [7706 3453]
[7706 393766]
[7706 136392]
[7706 934119]
[7706 1022241]
[7706 13287]
[7706 549037]
[3453 4228058]
[3453 825914]
[393766 846]
[846 3271282]
[136392 3411774]
[3411774 3411776]
[934119 6866]
[6866 799084]
[1022241 1404723]
[1404723 2437775]
[825914 825915]
[13287 977054]
[549037 74099]
[74099 2129405]
Query size is: 8
4228058 3271282 3411776 799084 2437775 825915 977054 2129405 
The sum weight of Tree is: 21
