D is 6
The point are: 1118 3327 3457 8568 23809 24197 44124 199880 239892 276482 409865 508594 689419 1147907 1488412 1549425 1897358 2305207 
The edges are: [1118 239892]
[1118 1549425]
[1118 44124]
[1118 1897358]
[1118 2305207]
[239892 8568]
[239892 3327]
[8568 276482]
[1549425 199880]
[199880 409865]
[44124 24197]
[24197 1488412]
[1897358 3457]
[3457 1147907]
[2305207 508594]
[508594 689419]
[3327 23809]
Query size is: 6
276482 409865 1488412 1147907 689419 23809 
The sum weight of Tree is: 17
