D is 6
The point are: 62 6251 18445 157796 329683 427905 801178 867979 2251992 2525053 2718691 2826131 2894828 3488186 4175580 4600330 4974213 5821465 
The edges are: [62 2251992]
[62 867979]
[62 2826131]
[62 18445]
[62 6251]
[62 801178]
[62 329683]
[62 3488186]
[867979 2525053]
[2826131 4175580]
[18445 4600330]
[6251 4974213]
[801178 5821465]
[329683 427905]
[427905 2718691]
[3488186 157796]
[157796 2894828]
Query size is: 8
4175580 2718691 2894828 4600330 5821465 4974213 2251992 2525053 
The sum weight of Tree is: 17
