92 33 5
33 81 2
47 9 3
32 10 3
32 10 2
34 9 2
31 10 3
35 10 2
37 13 2
35 10 1
40 10 2
32 69 2
36 9 2
121 14 3
28 53 2
75 9 3
36 12 3
40 11 3
30 8 2
47 19 2
35 10 3
29 8 2
35 17 2
36 12 2
36 10 2
32 55 2
40 11 2
30 9 2
115 28 4
32 8 2
35 9 2
32 11 2
33 11 2
27 7 2
29 12 2
36 11 2
29 69 2
37 12 2
38 9 2
44 11 2
30 7 2
31 7 2
32 13 2
36 10 2
35 10 2
32 9 2
48 23 2
118 68 2
35 11 66
30 9 2
160 36 4
143 140 17
141 37 4
176 39 4
156 38 4
137 157 4
145 37 5
145 36 4
153 52 5
134 202 4
164 44 7
156 164 5
135 28 4
144 33 5
157 37 8
160 174 5
135 51 104
153 215 4
134 130 10
299 110 101
134 32 4
164 68 4
136 82 94
131 36 4
145 49 6
149 45 6
163 63 6
130 139 4
143 40 4
130 35 4
159 35 3
325 39 6
130 43 5
137 125 3
314 113 7
125 42 7
150 44 4
141 139 12
150 63 5
468 99 7
153 33 4
311 31 4
141 34 4
147 35 5
147 38 4
135 42 8
143 116 4
154 48 4
280 93 7
166 38 4
389 78 111
375 90 111
554 66 9
381 102 13
380 298 7
357 327 23
348 266 19
316 264 30
346 310 205
314 117 110
297 262 7
335 112 10
658 90 8
857 168 19
633 88 7
325 75 7
354 123 10
615 250 11
336 212 7
357 65 8
323 88 147
366 240 7
381 269 6
342 77 8
358 103 130
538 97 10
316 260 6
324 118 13
627 272 7
316 72 8
619 154 10
295 211 6
317 219 8
351 353 130
990 132 138
657 196 193
332 91 8
334 71 8
323 73 7
317 292 9
367 101 7
308 72 6
337 229 6
356 275 9
348 93 186
386 76 9
312 84 108
324 71 6
312 252 7
380 286 24
3 72 17
3 23 12
4 23 14
3 195 22
4 24 1
3 23 35
2 41 19
4 13 10
7 24 23
4 17 21
4 27 13
3 23 10
4 22 16
3 66 12
4 3 28
18 41 8
3 37 17
3 18 20
5 40 3
3 3 43
3 3 2
5 44 17
3 33 16
4 41 1
2 18 33
4 22 8
3 23 21
2 24 5
4 19 5
3 29 7
2 16 34
3 38 11
4 23 11
2 37 7
3 17 15
2 40 13
3 29 19
3 27 27
3 18 8
3 23 23
3 3 20
2 39 9
3 20 34
3 31 2
3 22 9
2 27 17
3 19 21
3 17 22
6 17 5
4 4 17
8257 350 33
7487 304 32
9155 362 34
7448 239 31
7820 393 29
7788 346 30
9022 277 31
7751 297 29
7905 389 29
8004 304 33
7791 338 30
7622 332 29
7626 331 30
7798 346 27
8855 303 27
9652 359 40
8371 345 32
7682 338 28
7173 259 33
7465 339 30
7320 345 29
7799 302 36
7589 300 29
6961 263 29
7298 314 28
7305 319 26
7938 279 28
7532 366 30
7557 293 29
7872 323 28
7063 260 29
7345 298 30
7451 343 37
7411 315 31
7236 299 31
7446 319 34
7477 314 30
7387 295 30
7154 287 31
7543 273 29
7447 302 25
7175 272 29
7488 303 26
7626 320 28
7150 345 32
6849 330 26
7593 358 29
7303 289 33
7030 296 29
8777 303 28
Aver:
1659.46 120.116 19.9
