D is 6
The point are: 47440 54064 54346 61014 65810 131457 132734 137923 146609 164522 177099 310179 310180 344714 344715 358999 378258 378259 381962 392612 412619 439078 509837 695097 
The edges are: [310180 177099]
[310180 65810]
[310180 54064]
[310180 131457]
[310180 164522]
[310180 54346]
[310180 137923]
[310180 132734]
[177099 344714]
[344714 344715]
[65810 310179]
[65810 47440]
[310179 146609]
[47440 61014]
[54064 695097]
[164522 509837]
[509837 381962]
[54346 392612]
[392612 358999]
[137923 439078]
[439078 412619]
[132734 378258]
[378258 378259]
Query size is: 9
344715 146609 61014 695097 131457 381962 358999 412619 378259 
The sum weight of Tree is: 23
