D is 6
The point are: 9925 47440 48702 49562 56500 65566 132564 148651 151852 248913 248922 310179 359828 359829 360622 360726 365563 369368 379128 386395 425575 431239 449019 
The edges are: [47440 65566]
[47440 369368]
[47440 360622]
[47440 359828]
[47440 360726]
[47440 132564]
[47440 49562]
[65566 310179]
[310179 148651]
[310179 151852]
[310179 48702]
[369368 449019]
[449019 431239]
[360622 9925]
[9925 386395]
[359828 359829]
[360726 248913]
[248913 56500]
[132564 425575]
[425575 379128]
[49562 248922]
[248922 365563]
Query size is: 10
148651 431239 151852 386395 359829 359829 48702 56500 379128 365563 
The sum weight of Tree is: 22
