D is 6
The point are: 47498 62270 131432 132439 136064 143559 143927 169354 179389 310179 366249 375785 375802 447449 451222 451223 495557 695575 711487 728499 
The edges are: [310179 143559]
[310179 169354]
[310179 136064]
[310179 143927]
[310179 179389]
[310179 131432]
[310179 132439]
[143559 711487]
[711487 728499]
[136064 375785]
[375785 375802]
[143927 695575]
[695575 366249]
[179389 451222]
[451222 451223]
[131432 47498]
[47498 62270]
[132439 495557]
[495557 447449]
Query size is: 7
728499 169354 375802 366249 451223 62270 447449 
The sum weight of Tree is: 187.892
