D is 6
The point are: 65708 131147 132778 142575 142820 144741 146968 165929 310179 358540 360267 369092 377935 380126 380130 387431 406279 410389 410390 450684 461173 494450 508882 
The edges are: [310179 144741]
[310179 142575]
[310179 142820]
[310179 132778]
[310179 65708]
[310179 146968]
[310179 165929]
[310179 131147]
[144741 410389]
[410389 410390]
[142575 494450]
[494450 461173]
[142820 450684]
[450684 369092]
[132778 380126]
[380126 380130]
[65708 508882]
[508882 387431]
[146968 377935]
[165929 358540]
[131147 406279]
[406279 360267]
Query size is: 8
410390 461173 369092 380130 387431 377935 358540 360267 
The sum weight of Tree is: 22
