D is 6
The point are: 227 1592 9633 11249 12271 17146 31877 140190 385695 559958 610559 614617 1136427 1337191 1354003 1427741 2379814 3721487 4375002 
The edges are: [227 4375002]
[227 9633]
[227 1337191]
[227 614617]
[227 610559]
[227 385695]
[4375002 12271]
[12271 1136427]
[9633 140190]
[140190 2379814]
[1337191 17146]
[17146 559958]
[614617 11249]
[11249 1427741]
[610559 31877]
[31877 1354003]
[385695 1592]
[1592 3721487]
Query size is: 6
1136427 2379814 559958 1427741 1354003 3721487 
The sum weight of Tree is: 234.352
