D is 6
The point are: 2181 4680 6102 10148 10755 11203 12048 27920 79490 164558 455701 542982 605124 676365 955919 1495606 1814557 2492487 2925867 
The edges are: [12048 79490]
[12048 2492487]
[12048 605124]
[12048 1495606]
[12048 164558]
[12048 455701]
[79490 6102]
[6102 542982]
[2492487 27920]
[27920 676365]
[605124 4680]
[4680 10755]
[1495606 11203]
[11203 2925867]
[164558 2181]
[2181 955919]
[455701 10148]
[10148 1814557]
Query size is: 6
542982 676365 10755 2925867 955919 1814557 
The sum weight of Tree is: 234.25
