D is 6
The point are: 4324 9307 11137 14862 15847 16648 23717 98090 106250 225540 714830 987125 1113673 1409935 1410289 1908558 2148362 2875192 
The edges are: [4324 1410289]
[4324 2148362]
[4324 987125]
[4324 1908558]
[4324 98090]
[1410289 9307]
[1410289 16648]
[9307 225540]
[2148362 14862]
[14862 1113673]
[987125 11137]
[11137 1409935]
[16648 714830]
[1908558 15847]
[15847 2875192]
[98090 23717]
[23717 106250]
Query size is: 6
225540 1113673 1409935 714830 2875192 106250 
The sum weight of Tree is: 216.92
