9 16 4
4 5 9
3 3 5
2 6 7
3 6 6
2 7 5
2 6 6
3 4 5
3 7 8
3 5 8
2 9 6
3 5 4
3 6 5
3 4 8
3 5 9
2 7 5
2 5 4
3 6 7
3 6 5
3 9 7
3 7 5
2 6 8
3 6 6
3 5 6
3 4 5
3 5 5
2 4 7
3 4 5
3 5 4
2 4 7
3 6 15
3 4 8
2 6 5
2 7 9
3 6 4
3 7 10
2 3 6
3 3 4
2 4 7
3 7 7
3 6 7
3 7 6
3 7 8
3 8 7
2 5 7
3 7 5
3 8 8
3 5 4
3 5 8
2 5 6
3 12 28
3 30 39
3 35 64
3 27 39
3 83 37
3 48 90
3 35 56
4 44 36
3 29 60
4 42 49
3 36 35
3 26 48
3 48 61
3 26 25
3 12 17
3 55 38
3 32 85
3 38 84
3 67 36
3 42 39
3 217 88
3 28 44
3 43 49
3 20 102
3 24 37
3 67 37
3 24 38
3 20 51
4 38 33
3 56 57
3 32 52
4 115 50
3 60 33
4 22 33
3 34 141
4 48 25
2 167 64
3 15 36
3 43 35
3 25 65
3 60 29
3 93 49
2 62 73
3 20 39
3 50 62
3 23 40
3 70 55
3 55 40
3 24 33
3 23 28
4 91 92
4 123 170
4 159 75
4 48 142
4 292 62
4 303 83
4 288 299
4 35 60
3 80 181
5 179 107
4 82 95
3 298 233
4 277 96
4 304 72
4 158 74
4 59 57
5 70 91
4 40 105
4 32 93
3 56 135
4 26 66
3 99 83
4 201 232
4 141 355
4 34 56
4 79 118
4 32 54
3 31 97
3 105 50
5 338 47
3 179 65
4 121 115
3 36 114
4 120 217
3 96 93
4 98 115
4 170 73
3 130 162
3 147 50
3 129 71
3 75 87
4 235 43
4 103 61
3 95 48
4 91 118
3 89 59
3 276 97
3 44 48
4 39 93
4 65 49
2 8 89
2 4 51
2 7 89
3 4 8
2 9 55
2 7 107
2 8 63
2 8 80
2 12 104
2 4 41
3 6 41
3 6 104
2 12 148
2 11 122
2 7 61
2 10 65
2 13 64
2 9 64
2 8 71
2 7 6
2 14 131
3 11 113
2 5 86
2 9 70
2 9 52
2 5 69
2 7 83
2 4 53
2 6 50
2 9 118
3 6 76
3 5 54
2 6 84
3 3 51
2 4 41
2 5 48
3 7 37
2 12 48
2 11 59
3 12 101
3 5 84
2 9 92
2 10 77
3 8 56
3 12 95
3 10 52
2 11 80
3 9 59
2 5 64
2 8 90
13 67 74
11 63 70
10 33 40
9 60 66
10 62 69
9 32 41
10 65 76
10 31 39
10 68 75
10 32 40
11 71 74
11 66 78
10 70 79
9 64 73
10 63 72
9 59 69
10 64 74
9 70 76
11 66 71
9 60 69
9 69 78
10 35 42
9 67 71
9 61 71
10 67 77
10 69 75
10 64 69
10 64 77
11 67 75
9 31 41
10 65 70
10 56 67
9 61 67
10 63 73
10 64 69
10 63 68
10 62 71
12 64 74
10 65 79
10 61 70
9 32 40
11 60 67
13 62 72
10 60 70
9 60 69
10 57 64
9 59 68
9 60 67
10 64 69
10 61 67
Aver:
4.38 49.568 60.128
