D is 6
The point are: 3403 7758 11047 16562 37636 46449 110397 349953 463850 582666 721111 762890 823530 1250874 1352916 2256051 2295731 2806578 3472188 
The edges are: [11047 823530]
[11047 2256051]
[11047 463850]
[11047 2295731]
[11047 1352916]
[11047 582666]
[823530 7758]
[7758 3472188]
[2256051 3403]
[3403 2806578]
[463850 110397]
[110397 349953]
[2295731 46449]
[46449 1250874]
[1352916 721111]
[721111 762890]
[582666 16562]
[16562 37636]
Query size is: 6
3472188 2806578 349953 1250874 762890 37636 
The sum weight of Tree is: 18
