1 0 1
1 0 1
1 1 1
0 1 1
1 1 0
0 0 1
0 0 0
1 1 1
0 0 0
0 1 1
1 1 0
1 1 0
1 1 0
1 1 1
1 1 1
1 0 0
0 1 1
0 1 1
1 0 1
1 0 1
1 0 1
1 0 0
0 1 1
0 0 1
1 0 0
1 0 1
1 1 1
1 0 0
1 0 1
0 0 1
0 1 1
1 0 1
0 0 1
1 1 1
0 0 0
0 1 0
1 0 0
0 1 0
0 1 0
0 0 0
1 0 1
1 1 0
0 0 0
1 1 0
0 1 1
0 1 0
0 0 1
0 0 1
0 1 1
0 1 0
1 3 4
1 3 4
0 2 5
1 3 4
1 3 4
1 2 5
1 3 4
1 2 4
1 3 5
0 2 4
1 2 4
1 3 4
1 2 3
1 1 4
1 2 2
1 2 4
1 2 3
1 2 3
1 2 3
1 2 2
1 3 4
1 3 4
1 2 5
1 2 3
1 2 4
1 2 3
1 2 3
1 2 4
1 2 4
2 1 3
1 2 3
1 4 4
1 3 4
1 1 4
1 2 4
1 2 4
1 2 3
1 1 3
0 2 5
1 1 2
0 2 3
1 2 4
1 3 3
1 1 4
1 2 3
1 2 3
1 2 2
1 3 5
0 2 3
0 2 5
2 3 5
1 15 9
1 4 7
1 4 6
1 4 9
2 4 8
1 4 8
1 3 7
2 5 22
1 5 9
1 12 8
1 4 6
2 5 9
1 5 11
1 3 8
1 4 6
1 5 7
2 4 8
1 5 7
2 5 9
1 3 7
2 12 5
1 5 8
2 4 8
1 4 8
1 5 10
1 4 8
1 4 8
1 5 9
1 4 5
1 5 10
1 4 7
1 4 8
1 5 6
2 7 8
2 13 7
1 5 9
2 5 9
2 5 10
1 4 8
1 5 8
1 4 6
1 4 9
1 4 10
1 4 6
6 4 5
2 4 7
1 4 8
2 14 9
1 4 9
1 1 1
1 1 3
0 1 2
0 2 2
1 1 1
1 0 3
1 1 1
0 0 2
0 1 1
0 1 2
1 1 2
0 2 1
0 1 3
0 1 2
0 1 3
1 1 4
0 0 2
0 1 3
1 0 2
1 1 3
1 1 1
0 0 2
0 1 3
1 1 4
1 1 4
1 0 2
0 1 2
0 1 2
0 0 1
0 1 1
0 1 2
0 2 2
0 1 2
0 0 2
0 1 2
0 1 1
0 1 2
0 1 2
0 1 2
0 0 3
0 0 0
1 2 2
0 0 2
0 1 4
0 0 2
0 1 1
0 0 1
0 0 2
0 0 2
0 1 2
8 11 15
8 11 14
7 11 14
8 10 14
7 13 15
7 11 13
7 10 13
7 11 13
7 11 15
7 11 15
7 13 15
8 11 14
7 11 14
8 11 16
7 10 14
8 11 15
7 11 14
8 10 14
8 12 15
7 11 13
8 11 14
8 11 14
7 12 15
7 11 15
7 10 14
8 11 14
7 11 14
7 12 14
9 11 14
9 12 15
7 12 16
8 12 14
8 11 14
7 11 15
9 12 14
9 12 15
8 12 15
8 11 30
8 11 14
7 10 15
7 11 14
8 11 14
7 13 14
8 12 15
7 11 14
8 12 16
8 10 20
8 12 14
8 11 13
8 12 15
Aver:
2.14 3.98 5.832
