D is 6
The point are: 2663 4009 9043 15459 32920 34510 39532 185179 478374 502003 661770 685980 939223 995853 1188881 2372623 2718278 3244048 3630104 
The edges are: [2663 939223]
[2663 502003]
[2663 185179]
[2663 661770]
[2663 685980]
[2663 2718278]
[939223 34510]
[34510 995853]
[502003 4009]
[4009 3630104]
[185179 9043]
[9043 2372623]
[661770 39532]
[39532 478374]
[685980 15459]
[15459 1188881]
[2718278 32920]
[32920 3244048]
Query size is: 6
995853 3630104 2372623 478374 1188881 3244048 
The sum weight of Tree is: 241.432
