D is 6
The point are: 62 540 1129 1363 1462 2457 39593 138079 280308 517262 759014 1142071 1311094 1393158 1811863 1811882 2514949 2533344 3572691 4147994 4506028 4703931 5014614 5347152 
The edges are: [1363 1393158]
[1363 4506028]
[1363 1311094]
[1363 3572691]
[1363 5347152]
[1363 5014614]
[1363 4703931]
[1393158 1811863]
[1811863 1811882]
[4506028 540]
[540 4147994]
[1311094 62]
[62 1142071]
[62 759014]
[62 280308]
[3572691 2457]
[2457 2533344]
[5347152 1129]
[1129 517262]
[5014614 1462]
[1462 138079]
[4703931 39593]
[39593 2514949]
Query size is: 9
1811882 4147994 1142071 2533344 759014 280308 517262 138079 2514949 
The sum weight of Tree is: 23
