D is 6
The point are: 49552 49864 52092 129297 130725 132251 145363 162207 167189 168094 180090 310178 310179 377354 377406 378539 420602 512480 
The edges are: [168094 310179]
[168094 310178]
[310179 132251]
[310179 52092]
[310179 49864]
[310179 145363]
[310179 130725]
[310179 180090]
[132251 512480]
[310178 167189]
[310178 162207]
[167189 129297]
[162207 49552]
[52092 377354]
[49864 378539]
[145363 377406]
[130725 420602]
Query size is: 9
512480 129297 49552 377354 378539 377406 377406 420602 180090 
The sum weight of Tree is: 181.836
