D is 6
The point are: 1381 3279 4772 11251 13637 28627 43657 147675 812631 1053990 1193906 1258014 1316669 1568034 2660051 2775189 4067336 4141334 
The edges are: [1381 4067336]
[1381 1193906]
[1381 1053990]
[1381 2660051]
[1381 1258014]
[1381 2775189]
[4067336 13637]
[1193906 4772]
[4772 812631]
[1053990 3279]
[3279 1568034]
[2660051 28627]
[28627 147675]
[1258014 43657]
[43657 1316669]
[2775189 11251]
[11251 4141334]
Query size is: 6
13637 812631 1568034 147675 1316669 4141334 
The sum weight of Tree is: 17
