D is 6
The point are: 53020 59524 66414 131147 139276 143101 147657 148918 310179 360267 377421 379700 379701 382463 397807 397808 406279 430214 430215 512407 513021 
The edges are: [310179 143101]
[310179 53020]
[310179 147657]
[310179 66414]
[310179 139276]
[310179 59524]
[310179 148918]
[310179 131147]
[143101 377421]
[53020 512407]
[147657 379700]
[379700 379701]
[139276 513021]
[513021 382463]
[59524 430214]
[430214 430215]
[148918 397807]
[397807 397808]
[131147 406279]
[406279 360267]
Query size is: 8
377421 512407 379701 66414 382463 430215 397808 360267 
The sum weight of Tree is: 20
