D is 4
The point are: 55694 65778 132060 132217 133447 134144 143927 148805 160816 163197 169061 172495 172668 178230 180153 180402 310178 
The edges are: [310178 172668]
[310178 169061]
[310178 172495]
[310178 180402]
[310178 160816]
[310178 180153]
[310178 163197]
[310178 178230]
[172668 148805]
[169061 55694]
[172495 133447]
[180402 132060]
[160816 132217]
[180153 134144]
[163197 143927]
[178230 65778]
Query size is: 8
148805 55694 133447 132060 132217 134144 143927 65778 
The sum weight of Tree is: 16
