D is 6
The point are: 88 2236 2600 3158 5006 7548 15839 324693 484279 983116 1264704 1264705 2348640 2582686 3052630 3946165 4053858 4299224 4465126 
The edges are: [3158 4299224]
[3158 484279]
[3158 983116]
[3158 4465126]
[3158 15839]
[3158 5006]
[4299224 88]
[88 2582686]
[484279 7548]
[7548 3946165]
[983116 2236]
[2236 2348640]
[4465126 2600]
[2600 4053858]
[15839 324693]
[324693 3052630]
[5006 1264704]
[1264704 1264705]
Query size is: 6
2582686 3946165 2348640 4053858 3052630 1264705 
The sum weight of Tree is: 18
