D is 6
The point are: 777 4558 5922 12470 13277 13939 14172 151921 291530 305162 392994 1343717 1646680 1828102 2109911 2510421 3352350 3494450 4017960 
The edges are: [4558 1646680]
[4558 151921]
[4558 3494450]
[4558 1343717]
[4558 2109911]
[4558 291530]
[1646680 14172]
[14172 305162]
[151921 5922]
[5922 2510421]
[3494450 777]
[777 4017960]
[1343717 12470]
[12470 3352350]
[2109911 13277]
[13277 1828102]
[291530 13939]
[13939 392994]
Query size is: 6
305162 2510421 4017960 3352350 1828102 392994 
The sum weight of Tree is: 240.262
