D is 6
The point are: 47338 51014 55982 56076 65708 68304 68702 131952 148537 150565 176134 248971 310179 362805 379949 387433 508882 
The edges are: [310179 56076]
[310179 68702]
[310179 148537]
[310179 150565]
[310179 176134]
[310179 51014]
[310179 65708]
[310179 131952]
[310179 68304]
[51014 362805]
[65708 508882]
[508882 387433]
[131952 248971]
[248971 55982]
[68304 47338]
[47338 379949]
Query size is: 9
148537 150565 362805 56076 55982 379949 176134 387433 68702 
The sum weight of Tree is: 157.112
