D is 6
The point are: 73 500 676 846 1654 3839 18945 55662 822217 1196622 1527332 1771083 2671575 3396830 3396833 4682324 5683381 5715669 5726782 5868228 
The edges are: [500 55662]
[500 5726782]
[500 5868228]
[500 1527332]
[500 4682324]
[500 2671575]
[55662 1654]
[55662 73]
[1654 3839]
[5726782 5715669]
[73 1771083]
[5868228 18945]
[18945 822217]
[1527332 676]
[676 1196622]
[4682324 846]
[846 5683381]
[2671575 3396830]
[3396830 3396833]
Query size is: 8
5715669 1196622 5683381 822217 55662 3839 1771083 3396833 
The sum weight of Tree is: 186.648
