8 14 6
6 3 4
5 5 4
3 3 4
2 2 3
2 3 2
3 3 4
2 2 3
12 3 4
2 3 5
3 4 4
2 3 3
3 2 3
2 2 3
3 2 4
2 3 4
2 2 3
2 4 3
2 3 3
4 2 4
2 3 3
2 3 4
3 3 3
2 3 3
2 3 3
2 3 2
3 3 3
2 3 3
2 3 2
2 2 3
3 3 4
2 2 4
3 3 4
2 3 4
3 2 2
3 3 4
3 2 3
2 3 2
3 3 3
2 3 4
2 3 4
2 3 3
3 3 3
3 4 5
3 3 3
3 3 4
2 3 5
2 3 3
3 2 3
2 3 3
3 4 9
3 7 22
3 9 28
3 8 22
3 9 21
2 9 32
3 9 24
2 8 16
4 6 22
3 7 22
3 7 19
3 8 21
3 6 15
3 6 11
3 4 7
2 6 20
3 7 22
3 6 23
3 7 24
3 8 22
3 7 21
3 6 23
3 7 21
2 6 19
2 6 22
4 8 22
4 6 22
2 6 20
3 6 20
3 5 23
3 10 24
2 9 23
3 9 21
2 6 19
3 6 20
3 6 14
2 5 21
3 6 20
2 7 22
3 5 23
3 8 19
3 6 20
3 7 21
3 6 21
3 11 27
3 5 21
3 8 21
2 6 23
2 7 21
3 5 21
3 10 48
3 8 44
3 9 40
3 11 45
4 10 39
4 10 38
4 8 38
4 11 49
3 9 42
3 12 42
4 8 42
4 12 58
4 12 44
3 12 41
4 10 42
4 11 40
4 12 46
3 10 46
3 8 49
3 7 49
3 11 50
3 12 44
3 9 39
5 9 50
4 12 36
4 10 42
4 8 45
3 12 45
4 10 39
5 12 51
3 9 41
4 12 40
3 9 39
4 9 39
3 9 40
4 11 49
3 8 40
4 8 43
3 13 40
4 10 50
4 8 35
3 8 48
3 8 40
3 13 38
4 9 48
4 9 42
3 11 37
3 8 43
3 10 54
4 9 40
2 3 20
2 3 13
3 3 24
3 3 7
3 2 9
2 3 10
3 4 27
2 3 22
2 3 35
2 2 14
2 3 12
3 2 28
2 3 31
3 3 41
2 2 24
2 2 20
2 3 17
2 3 24
2 3 22
2 3 5
2 3 25
2 3 43
2 2 25
2 3 15
2 5 33
2 3 16
12 2 25
2 2 13
2 3 12
2 2 43
2 2 25
2 2 16
2 3 21
2 2 11
2 3 12
3 2 16
2 2 11
2 3 18
2 3 23
2 2 39
2 2 27
2 3 28
2 3 23
2 2 15
3 3 20
2 4 16
2 2 31
3 3 22
2 2 10
2 2 29
10 19 32
10 16 25
10 16 21
9 17 27
11 18 27
9 15 21
11 19 29
10 15 21
11 18 25
9 14 20
10 19 31
10 20 30
9 18 31
9 16 22
10 16 21
9 20 30
10 18 28
10 21 31
10 21 31
9 18 27
9 17 29
10 15 21
9 18 27
9 17 29
9 19 27
9 19 27
10 19 30
11 16 24
10 19 27
9 15 21
10 17 26
9 16 25
10 16 21
9 18 30
10 20 41
10 18 27
9 18 26
11 20 31
10 18 27
10 17 24
10 15 21
10 20 25
10 19 27
10 18 26
10 19 27
10 19 27
10 18 27
9 16 22
10 18 27
10 16 25
Aver:
4.272 8.04 23.08
