D is 6
The point are: 47320 47436 47440 47498 52340 55862 56500 61378 63000 66304 68844 121975 131935 131942 131952 131962 135337 148774 310179 409316 506316 508650 
The edges are: [47436 131942]
[47436 131952]
[47436 131962]
[47436 63000]
[47436 131935]
[47436 135337]
[131942 508650]
[508650 68844]
[131952 310179]
[310179 55862]
[310179 61378]
[310179 52340]
[310179 148774]
[131962 47440]
[47440 121975]
[63000 506316]
[506316 409316]
[131935 47498]
[47498 66304]
[135337 47320]
[47320 56500]
Query size is: 9
68844 55862 121975 61378 52340 409316 66304 148774 56500 
The sum weight of Tree is: 21
