D is 6
The point are: 12 62 952 1440 7548 38231 50583 73089 153183 327888 416665 475835 995697 1016748 1236427 1759054 2582686 3575325 3946165 4888404 4917011 
The edges are: [12 416665]
[12 327888]
[12 3575325]
[12 73089]
[12 1236427]
[12 1016748]
[12 4888404]
[416665 952]
[952 2582686]
[327888 7548]
[7548 3946165]
[3575325 38231]
[38231 995697]
[73089 1759054]
[1236427 62]
[62 4917011]
[1016748 1440]
[1440 475835]
[4888404 50583]
[50583 153183]
Query size is: 7
2582686 3946165 995697 1759054 4917011 475835 153183 
The sum weight of Tree is: 196.392
