16 9 11
8 9 9
17 13 16
17 11 11
17 11 25
9 9 11
8 11 10
17 10 10
8 11 12
8 15 25
9 12 18
17 9 11
8 12 16
9 19 18
9 10 10
8 10 17
18 12 17
9 12 14
9 11 16
9 11 13
10 11 18
18 21 52
9 12 19
9 16 15
9 13 14
9 17 18
19 9 15
8 9 13
8 13 19
14 16 17
18 8 9
9 16 24
9 8 10
9 13 15
15 9 11
8 14 13
9 14 17
11 9 16
9 12 11
9 19 13
9 10 9
9 14 11
15 11 41
18 10 79
9 11 19
9 10 19
8 17 16
18 13 10
19 13 12
18 11 15
21 158 887
21 33 154
15 169 59
19 110 52
22 89 95
21 91 207
21 165 527
21 37 551
22 31 449
21 48 85
22 98 400
21 35 234
21 34 171
21 153 241
22 64 177
22 29 82
22 32 354
21 96 52
22 65 426
21 162 55
22 43 58
21 43 252
21 73 71
21 44 236
21 97 173
21 29 77
21 146 145
21 62 235
22 51 373
21 52 255
22 95 489
21 85 487
21 45 169
21 102 143
21 39 130
22 176 143
21 134 849
21 120 211
22 44 67
21 107 100
21 60 213
22 31 134
23 40 62
22 188 200
21 47 112
21 32 183
23 128 252
21 81 605
21 88 247
22 33 61
23 250 2761
20 395 517
17 223 1292
20 214 1070
15 139 92
16 96 1037
17 206 550
16 203 3002
16 106 234
17 199 2728
17 201 833
17 201 908
16 205 1907
20 187 2449
16 222 2411
16 35 159
16 101 215
16 26 95
16 203 1107
16 158 2518
16 190 2509
16 132 100
16 90 1484
16 218 2729
18 302 2374
21 245 2079
16 313 2373
16 234 2484
16 402 316
16 165 157
16 235 649
16 343 671
19 193 1592
16 26 578
16 348 2383
17 343 2452
16 182 2413
16 203 2140
16 229 453
16 351 2486
16 64 348
16 210 2529
16 161 863
15 173 2120
19 198 1012
16 321 196
17 207 2202
16 162 2171
17 140 2326
18 268 100
16 14 208
14 18 207
15 15 265
14 14 113
14 16 152
15 15 179
14 20 105
14 15 166
14 21 283
18 20 113
15 14 110
14 24 234
14 17 142
14 17 223
15 15 173
15 16 136
14 15 124
14 15 159
15 16 203
19 19 181
14 14 149
14 20 166
15 14 146
15 18 179
18 16 238
15 15 196
14 15 262
15 14 161
14 16 166
15 14 104
14 16 177
14 23 195
14 15 226
15 16 148
14 23 234
15 17 204
14 17 197
18 20 126
14 20 246
14 17 224
15 17 165
14 14 88
17 22 177
14 21 142
14 26 194
14 14 72
14 16 178
18 15 148
14 15 168
14 15 212
25 89 182
29 100 189
30 85 149
30 118 172
29 88 165
28 91 205
30 144 317
30 105 161
28 89 167
28 83 150
28 123 214
28 78 157
30 86 184
30 82 175
27 93 147
29 82 173
30 83 177
30 105 182
28 130 239
28 138 195
29 81 145
28 140 282
31 80 149
29 143 286
28 87 154
28 85 142
27 86 162
30 95 168
29 76 138
28 78 166
28 86 149
29 78 158
30 95 158
29 82 179
28 96 160
28 75 139
29 82 141
30 98 162
28 79 154
31 139 278
28 97 147
28 82 171
30 99 150
28 95 156
28 80 145
29 94 179
28 81 145
31 80 155
29 95 227
28 77 157
Aver:
18.644 81.688 410.36
