D is 6
The point are: 47440 48718 49350 61144 132515 132778 149621 358752 369368 369388 370296 376926 376930 395477 395478 486931 488790 693531 694661 
The edges are: [47440 132778]
[47440 49350]
[47440 369368]
[47440 369388]
[47440 132515]
[47440 61144]
[47440 376930]
[132778 486931]
[486931 358752]
[49350 488790]
[488790 48718]
[369368 694661]
[694661 370296]
[369388 395477]
[395477 395478]
[132515 693531]
[693531 149621]
[376930 376926]
Query size is: 7
358752 48718 370296 395478 149621 61144 376926 
The sum weight of Tree is: 168.931
