D is 6
The point are: 9933 12023 47831 47832 53912 54744 55952 65558 65808 66174 67398 133762 146848 310179 359902 360593 379209 382693 383210 400959 412127 415835 425104 452648 508414 693910 693917 
The edges are: [310179 67398]
[310179 146848]
[310179 65808]
[310179 65558]
[310179 54744]
[310179 133762]
[310179 47832]
[310179 53912]
[310179 66174]
[67398 400959]
[400959 55952]
[146848 693910]
[693910 693917]
[65808 9933]
[9933 379209]
[65558 508414]
[508414 359902]
[54744 12023]
[12023 412127]
[133762 425104]
[425104 382693]
[47832 47831]
[53912 452648]
[452648 415835]
[66174 383210]
[383210 360593]
Query size is: 9
55952 693917 379209 359902 412127 382693 47831 415835 360593 
The sum weight of Tree is: 26
