D is 6
The point are: 47320 47426 49232 49254 49582 56500 60632 63884 137014 143575 143777 358547 359176 363270 376926 378563 404342 508144 508648 511074 
The edges are: [378563 49254]
[378563 60632]
[378563 359176]
[378563 363270]
[378563 49232]
[378563 49582]
[378563 143575]
[378563 358547]
[378563 143777]
[49232 376926]
[376926 63884]
[49582 508648]
[508648 137014]
[143575 47320]
[47320 56500]
[358547 47426]
[47426 508144]
[143777 511074]
[511074 404342]
Query size is: 9
404342 363270 508144 56500 60632 137014 49254 359176 63884 
The sum weight of Tree is: 157.35
