D is 6
The point are: 47260 47476 55986 57440 57676 63634 65536 65620 122999 123085 123143 123485 149546 162693 310179 364627 377932 378565 453277 497071 508648 508651 508653 
The edges are: [47260 123485]
[47260 65536]
[47260 122999]
[47260 123085]
[47260 65620]
[47260 364627]
[47260 123143]
[123485 47476]
[47476 63634]
[65536 508653]
[508653 162693]
[122999 508648]
[508648 55986]
[123085 508651]
[508651 149546]
[65620 310179]
[310179 57676]
[310179 57440]
[364627 378565]
[378565 377932]
[123143 497071]
[497071 453277]
Query size is: 8
63634 162693 55986 149546 57676 377932 57440 453277 
The sum weight of Tree is: 209.818
