D is 6
The point are: 48798 49780 50802 60842 144343 144748 163700 165648 310179 338687 338688 365143 372772 392694 420506 420528 456625 495018 693111 
The edges are: [310179 165648]
[310179 50802]
[310179 163700]
[310179 48798]
[310179 144343]
[310179 49780]
[310179 144748]
[310179 60842]
[165648 420528]
[50802 456625]
[456625 392694]
[163700 420506]
[49780 495018]
[495018 365143]
[144748 338687]
[338687 338688]
[60842 693111]
[693111 372772]
Query size is: 8
420528 392694 420506 48798 144343 365143 338688 372772 
The sum weight of Tree is: 185.447
