D is 6
The point are: 56328 67208 131152 132290 133194 139276 143684 153830 310179 358257 363539 376483 382463 383749 383750 425377 508684 513021 
The edges are: [310179 56328]
[310179 67208]
[310179 153830]
[310179 143684]
[310179 132290]
[310179 131152]
[310179 139276]
[310179 133194]
[143684 508684]
[132290 425377]
[425377 358257]
[131152 376483]
[376483 363539]
[139276 513021]
[513021 382463]
[133194 383749]
[383749 383750]
Query size is: 8
508684 363539 56328 67208 383750 382463 358257 153830 
The sum weight of Tree is: 17
