D is 6
The point are: 44 62 274 497 1340 4087 39714 39718 65990 142888 238656 247502 813665 898310 1110932 1287328 1638035 2319870 2319871 2510054 4957800 5726941 
The edges are: [274 44]
[274 4957800]
[274 1287328]
[274 39714]
[274 65990]
[274 1638035]
[274 247502]
[44 497]
[497 5726941]
[4957800 62]
[62 898310]
[1287328 2319870]
[2319870 2319871]
[39714 39718]
[39718 1110932]
[65990 1340]
[1340 813665]
[1638035 142888]
[142888 2510054]
[247502 4087]
[4087 238656]
Query size is: 7
5726941 898310 2319871 1110932 813665 2510054 238656 
The sum weight of Tree is: 228.39
