D is 6
The point are: 47440 54988 57746 65566 129368 132404 163092 248913 310179 357982 359004 360726 369388 369770 395477 395478 396057 489715 
The edges are: [47440 369388]
[47440 357982]
[47440 65566]
[47440 360726]
[47440 132404]
[369388 395477]
[395477 395478]
[357982 396057]
[396057 369770]
[65566 310179]
[310179 57746]
[310179 163092]
[310179 54988]
[360726 248913]
[248913 129368]
[132404 489715]
[489715 359004]
Query size is: 7
395478 369770 57746 163092 54988 129368 359004 
The sum weight of Tree is: 17
