D is 6
The point are: 453 2282 2926 4511 4839 15078 15082 47271 183179 240874 248611 278861 622665 934843 1245388 1360003 1589073 1641258 2170159 3735598 
The edges are: [2926 1245388]
[2926 15078]
[2926 622665]
[2926 1641258]
[2926 278861]
[2926 47271]
[2926 3735598]
[1245388 4511]
[4511 934843]
[15078 15082]
[622665 4839]
[4839 1589073]
[1641258 248611]
[248611 183179]
[278861 2282]
[2282 2170159]
[47271 1360003]
[3735598 453]
[453 240874]
Query size is: 7
934843 15082 1589073 183179 2170159 1360003 240874 
The sum weight of Tree is: 19
