D is 6
The point are: 1777 4921 9482 13761 27617 41934 70431 201780 248624 290020 358164 464151 798791 1423924 1756219 1800463 2000394 3066808 4134133 
The edges are: [1777 464151]
[1777 4134133]
[1777 248624]
[1777 798791]
[1777 13761]
[1777 201780]
[464151 4921]
[4921 2000394]
[4134133 41934]
[41934 358164]
[248624 27617]
[27617 1423924]
[798791 70431]
[70431 3066808]
[13761 290020]
[290020 1756219]
[201780 9482]
[9482 1800463]
Query size is: 6
2000394 358164 1423924 3066808 1756219 1800463 
The sum weight of Tree is: 237.544
