D is 6
The point are: 746 1276 1943 2041 3406 11122 18701 141971 266043 529096 1124670 1290617 1360645 1687057 2041656 2145544 2225961 3156488 3618358 
The edges are: [1943 529096]
[1943 1124670]
[1943 2225961]
[1943 141971]
[1943 3156488]
[1943 1290617]
[529096 746]
[746 3618358]
[1124670 3406]
[3406 1360645]
[2225961 18701]
[18701 2041656]
[141971 1276]
[1276 2145544]
[3156488 2041]
[2041 266043]
[1290617 11122]
[11122 1687057]
Query size is: 6
3618358 1360645 2041656 2145544 266043 1687057 
The sum weight of Tree is: 18
