D is 6
The point are: 73 6729 8412 17403 17603 20933 26650 412213 930345 1710361 1862068 2074576 2238593 2247111 2350705 2882932 3444000 3610526 4784092 
The edges are: [73 2247111]
[73 3610526]
[73 2238593]
[73 4784092]
[73 1710361]
[73 2074576]
[2247111 6729]
[6729 1862068]
[3610526 20933]
[20933 2882932]
[2238593 17403]
[17403 2350705]
[4784092 17603]
[17603 930345]
[1710361 8412]
[8412 412213]
[2074576 26650]
[26650 3444000]
Query size is: 6
1862068 2882932 2350705 930345 412213 3444000 
The sum weight of Tree is: 18
