D is 6
The point are: 47440 48268 49988 50416 51420 58668 129574 142962 248899 248913 248986 359255 360520 360726 361939 367301 367872 376483 403971 428520 451148 486894 
The edges are: [47440 361939]
[47440 360726]
[47440 367872]
[47440 50416]
[47440 360520]
[47440 58668]
[47440 51420]
[47440 48268]
[360726 248913]
[248913 129574]
[367872 142962]
[50416 451148]
[451148 403971]
[360520 376483]
[376483 49988]
[58668 248899]
[248899 367301]
[51420 248986]
[248986 428520]
[48268 486894]
[486894 359255]
Query size is: 8
361939 129574 142962 403971 49988 367301 428520 359255 
The sum weight of Tree is: 201.881
