D is 6
The point are: 62 453 572 4089 18945 41957 157039 306256 324784 485977 485979 767280 794770 822217 1136126 2792878 3910578 4316659 5685028 
The edges are: [62 157039]
[62 4316659]
[62 5685028]
[62 794770]
[62 453]
[62 306256]
[62 1136126]
[157039 485977]
[485977 485979]
[4316659 572]
[572 2792878]
[5685028 767280]
[794770 18945]
[18945 822217]
[453 41957]
[41957 3910578]
[1136126 4089]
[4089 324784]
Query size is: 7
485979 2792878 767280 822217 3910578 306256 324784 
The sum weight of Tree is: 188.148
