D is 6
The point are: 48712 52316 53458 65946 142580 142820 145931 162524 164704 248913 310179 358637 387423 402001 407235 407237 414524 414527 502310 693537 
The edges are: [310179 145931]
[310179 164704]
[310179 48712]
[310179 142820]
[310179 65946]
[310179 162524]
[310179 142580]
[310179 53458]
[145931 693537]
[693537 358637]
[142820 248913]
[248913 52316]
[65946 502310]
[502310 387423]
[162524 414524]
[414524 414527]
[142580 407235]
[407235 407237]
[53458 402001]
Query size is: 8
358637 164704 48712 52316 387423 414527 407237 402001 
The sum weight of Tree is: 197.55
