D is 6
The point are: 62 572 1221 2181 2600 2707 4068 29150 272543 289385 814887 1167955 1267143 2522077 3037387 3052630 3408072 3912473 4053858 4229013 
The edges are: [272543 2600]
[272543 2181]
[272543 4068]
[272543 572]
[272543 1221]
[2600 4053858]
[2181 4229013]
[2181 3037387]
[2181 1167955]
[4229013 3052630]
[4068 62]
[62 3912473]
[572 3408072]
[572 2522077]
[3408072 29150]
[3037387 814887]
[2522077 289385]
[1221 2707]
[2707 1267143]
Query size is: 8
4053858 3052630 3912473 29150 814887 289385 1167955 1267143 
The sum weight of Tree is: 19
