40 27 1147
22 20 103
20 107 44
45 63 671
58 598 425
34 67 932
17 128 79
50 58 149
40 47 62
38 61 83
33 110 188
36 68 91
34 431 1285
27 29 1151
24 63 869
29 21 41
16 19 186
11 132 308
28 27 1711
31 444 515
11 20 46
30 24 21
23 25 48
28 53 53
23 41 292
28 1193 1271
12 71 523
14 12 361
10 10 47
22 20 152
10 15 675
23 33 40
53 200 3420
39 59 982
22 257 2127
28 52 96
14 32 532
32 35 40
16 46 20
11 30 28
11 11 80
12 19 34
44 183 2822
32 31 91
24 25 612
48 117 174
32 46 55
10 10 10
13 42 1305
38 47 66
25 130 5059
22 1280 4627
51 1659 5101
38 932 4605
47 787 261
21 480 2071
28 151 207
46 3276 16520
25 55 4154
28 921 8468
33 576 5198
22 62 144
34 194 15245
20 256 1904
32 601 83
32 318 4337
27 49 2409
19 31 451
40 795 5229
27 95 1790
36 632 441
18 792 581
13 15 16
48 279 645
43 145 277
33 1085 8828
27 352 3225
25 718 630
32 72 120
10 25 38
35 547 69
34 127 175
25 70 1881
26 533 2621
30 170 1952
31 988 286
27 35 348
42 505 2491
30 100 59
29 46 974
38 48 76
37 32 53
35 458 1051
52 175 340
32 29 958
26 40 91
10 13 148
34 10 21
67 142 312
33 213 624
22 404 333
11 18 1015
36 73 1098
23 166 1057
22 55 798
30 152 2346
26 32 5608
22 182 1256
45 50 5380
30 226 5704
24 569 4995
29 430 237
25 282 88
44 1640 1186
25 270 718
31 717 2022
34 216 599
35 221 176
27 100 94
37 61 2176
30 48 301
43 47 484
46 483 6944
23 41 43
38 100 1545
24 507 73
32 35 101
29 29 12
55 909 454
35 61 1762
36 129 144
10 11 12
36 81 1071
45 265 170
43 109 3814
30 78 453
22 134 176
12 16 13
141 710 3070
36 29 181
41 72 2662
33 252 4621
12 13 21
32 76 1271
31 138 4537
34 1174 3797
25 657 10491
26 172 600
29 46 294
13 14 1170
36 201 1439
36 1005 5184
37 12 12
27 200 26
38 356 3671
25 745 6684
38 481 511
46 1953 2131
26 53 563
55 1187 3631
33 35 2090
21 10 11
16 28 42
53 32 138
11 12 99
38 127 2222
31 395 135
46 532 3139
37 37 33
26 482 395
35 53 603
26 167 8540
24 92 855
32 44 846
24 391 1065
32 58 1296
37 55 3305
35 444 918
31 197 276
28 44 762
35 56 761
27 122 2396
36 484 5159
43 60 260
67 2036 14505
33 61 138
11 10 116
37 1641 1225
37 624 3145
24 10 285
33 37 1776
105 163 734
34 52 568
34 1058 948
32 761 2214
41 64 149
31 608 1851
62 1855 472
39 648 918
50 63 954
38 384 890
36 761 5280
35 446 2551
10 10 47
48 67 176
33 263 3617
30 670 3747
32 45 951
39 257 2972
40 56 160
39 529 349
35 375 2083
41 11 31
36 565 714
44 29 986
48 174 210
27 37 93
34 639 3161
27 50 753
40 2141 7090
27 599 1812
35 231 859
32 109 1992
37 890 502
46 137 384
33 36 1673
38 263 88
30 36 45
35 232 4301
31 212 4729
108 113 210
77 477 192
30 37 406
26 210 1907
34 135 461
40 55 363
35 79 103
48 166 456
39 35 96
32 477 2321
40 135 381
34 588 514
41 175 2732
33 1136 305
25 125 84
37 103 3868
29 57 625
12 10 115
33 652 2418
32 676 10896
27 221 3874
31 541 4580
33 706 5695
25 210 1837
40 1385 5295
25 51 69
38 11 114
45 698 4862
32 188 2751
47 1076 277
37 151 394
41 113 323
37 130 478
28 83 399
29 116 877
27 65 208
69 1708 11735
24 60 95
26 516 695
37 380 1417
29 135 4857
25 14 36
32 203 1125
30 31 2102
30 36 45
39 36 57
11 10 359
10 10 137
33 89 555
12 14 462
18 20 30
12 73 50
11 213 144
36 14 53
37 15 19
39 31 50
11 15 500
10 11 14
69 27 35
30 33 33
42 46 51
13 129 63
12 48 1466
28 11 26
10 12 198
41 18 25
36 30 109
38 15 26
33 32 31
30 105 377
19 20 23
37 64 99
32 36 193
17 184 326
18 11 10
104 255 1090
105 160 421
17 108 24
33 24 940
33 45 68
38 42 89
10 11 11
33 182 2769
26 15 18
11 13 696
34 24 51
27 18 64
27 127 376
27 23 1027
31 726 3444
43 54 82
12 36 352
30 32 57
26 54 55
30 10 354
60 65 76
23 31 55
19 21 720
28 32 58
16 11 12
34 30 149
31 606 1999
10 32 420
11 75 29
10 10 126
11 13 17
12 12 12
30 34 251
11 61 564
26 129 697
16 36 31
28 23 75
35 107 797
61 41 51
38 23 27
11 11 1131
18 12 580
33 257 1228
20 20 23
28 25 25
100 117 135
31 330 1949
34 225 103
11 15 883
12 33 25
13 16 22
11 13 663
12 26 19
11 11 482
11 25 23
11 11 300
16 11 497
31 49 237
19 14 15
22 38 70
15 12 162
12 34 197
43 135 169
41 66 119
12 30 67
12 54 252
47 43 410
43 72 110
32 158 234
29 42 264
28 26 337
41 51 461
10 18 36
30 315 284
35 225 452
30 47 679
38 192 2349
29 91 47
22 23 1060
33 35 392
30 44 566
36 112 436
10 10 472
10 339 67
10 72 1124
10 22 20
36 496 89
11 370 1854
31 75 280
32 167 171
31 57 155
31 36 460
34 75 498
27 68 375
40 42 51
26 185 836
40 2356 3001
12 12 16
34 27 191
28 55 386
28 26 421
34 767 75
22 31 41
11 16 105
14 48 152
37 34 1481
32 188 328
35 48 486
36 157 3203
31 164 814
16 38 49
48 834 4949
29 454 2781
34 114 3738
63 956 669
31 441 309
36 34 80
30 330 727
29 83 129
43 520 286
27 81 90
28 163 1110
30 497 826
22 448 1016
11 141 170
11 76 2031
52 53 7196
44 138 664
30 391 149
33 26 255
24 637 112
34 51 1982
34 179 178
Aver:
31.0114 236.123 1238.08
