D is 6
The point are: 58324 67208 68384 69796 139276 142900 143684 153830 310179 358257 361652 376075 382463 383750 455082 508684 513021 694270 
The edges are: [310179 58324]
[310179 67208]
[310179 153830]
[310179 143684]
[310179 142900]
[310179 68384]
[310179 139276]
[310179 69796]
[143684 508684]
[142900 694270]
[694270 361652]
[68384 376075]
[376075 358257]
[139276 513021]
[513021 382463]
[69796 455082]
[455082 383750]
Query size is: 8
508684 361652 58324 67208 383750 382463 358257 153830 
The sum weight of Tree is: 163.265
