D is 6
The point are: 7 12 740 1483 2181 4732 16768 32020 312170 393860 442720 1049289 2571178 2862436 4154658 4274234 4331082 4761387 5144825 
The edges are: [1483 4761387]
[1483 5144825]
[1483 1049289]
[1483 393860]
[1483 312170]
[1483 2571178]
[4761387 7]
[7 4154658]
[5144825 2181]
[2181 16768]
[1049289 12]
[12 4274234]
[393860 740]
[740 442720]
[312170 4732]
[4732 4331082]
[2571178 32020]
[32020 2862436]
Query size is: 6
4154658 16768 4274234 442720 4331082 2862436 
The sum weight of Tree is: 18
