D is 6
The point are: 47476 49778 50038 52310 54110 54476 65592 65700 128464 131380 138181 150992 165601 248913 369651 409915 409916 418049 486973 488888 496228 496229 508647 508648 
The edges are: [508648 165601]
[508648 49778]
[508648 150992]
[508648 65592]
[508648 131380]
[508648 65700]
[508648 50038]
[508648 54476]
[165601 418049]
[49778 486973]
[486973 52310]
[150992 496228]
[496228 496229]
[65592 47476]
[47476 138181]
[131380 508647]
[508647 128464]
[65700 248913]
[248913 54110]
[50038 488888]
[488888 369651]
[54476 409915]
[409915 409916]
Query size is: 8
418049 52310 496229 138181 128464 54110 369651 409916 
The sum weight of Tree is: 227.62
