D is 6
The point are: 7 12 62 676 2181 12829 213783 229631 273263 367500 2148872 2641442 2825908 4156373 4320575 4410413 4520226 4713087 4791993 
The edges are: [676 213783]
[676 2825908]
[676 2641442]
[676 4713087]
[676 4410413]
[676 4791993]
[213783 12829]
[12829 367500]
[2825908 229631]
[229631 4156373]
[2641442 2181]
[2181 4320575]
[4713087 62]
[62 273263]
[4410413 12]
[12 2148872]
[4791993 7]
[7 4520226]
Query size is: 6
367500 4156373 4320575 273263 2148872 4520226 
The sum weight of Tree is: 165.019
