D is 6
The point are: 394 1182 1229 1446 1462 2151 3453 7706 27930 28249 47232 51834 83754 99033 441590 1740550 1764233 2105306 3015049 4228058 4393104 4493005 5510417 5646750 
The edges are: [7706 3453]
[7706 1462]
[7706 5510417]
[7706 1182]
[7706 3015049]
[7706 2105306]
[7706 1740550]
[3453 4228058]
[3453 1764233]
[3453 28249]
[1764233 4493005]
[1462 1446]
[1446 83754]
[5510417 1229]
[1229 47232]
[1182 441590]
[3015049 2151]
[2151 4393104]
[28249 5646750]
[2105306 394]
[394 51834]
[1740550 27930]
[27930 99033]
Query size is: 9
4228058 4493005 83754 47232 441590 4393104 5646750 51834 99033 
The sum weight of Tree is: 23
