108 62 11
39 88 3
54 13 1
47 10 3
43 11 3
37 11 2
36 10 2
57 11 2
38 14 3
37 12 2
37 11 2
38 78 2
51 11 3
158 14 10
57 66 3
86 10 3
58 12 2
50 13 2
38 8 2
41 14 2
38 12 3
35 9 2
36 39 3
44 13 2
42 13 3
35 74 2
41 13 2
41 10 2
157 33 5
43 10 2
42 11 2
38 13 2
39 14 2
31 7 1
34 14 2
41 12 2
32 78 3
43 13 2
43 11 2
38 13 3
35 8 1
37 8 2
42 17 2
38 12 2
41 12 1
39 12 2
44 19 3
138 74 2
36 30 62
33 10 2
163 38 4
192 168 17
161 34 5
201 66 4
181 51 7
186 184 4
171 44 6
216 37 5
181 83 7
178 223 4
172 74 8
180 186 7
173 36 4
194 39 5
173 55 10
177 189 5
178 57 128
194 228 5
173 155 13
363 123 114
164 39 5
213 83 5
157 97 109
158 44 5
169 55 5
174 63 14
186 72 6
155 149 5
163 43 7
164 39 4
163 42 4
355 40 8
152 41 5
199 148 4
362 106 8
147 74 6
178 51 4
185 152 34
170 59 5
523 105 6
195 40 5
348 35 4
164 40 4
200 45 4
170 41 4
157 49 9
164 139 4
175 43 4
328 107 7
189 41 5
451 89 126
407 100 128
650 75 9
404 112 31
420 343 8
438 361 50
362 315 7
361 334 34
393 360 208
362 108 140
351 301 8
395 110 10
768 105 9
1021 214 14
717 97 9
372 79 8
396 115 9
731 283 13
378 236 7
404 73 8
360 122 158
417 238 11
431 291 8
434 93 10
421 117 156
658 125 12
380 285 8
388 138 16
721 324 7
356 82 10
722 163 11
347 321 7
379 262 8
414 393 157
1055 157 161
730 223 212
386 90 8
419 83 10
378 82 10
376 342 12
404 91 7
363 88 8
420 250 7
396 319 10
391 108 209
430 80 9
392 96 120
385 81 8
400 297 7
434 307 14
2 120 19
4 26 15
5 26 16
3 208 45
3 26 2
9 28 16
3 43 22
5 15 11
4 18 24
4 21 25
4 26 14
4 26 11
6 24 42
2 52 23
4 4 21
20 21 10
3 25 8
3 27 23
4 29 3
3 5 22
4 4 5
5 24 20
3 19 28
4 47 3
4 21 31
4 33 29
3 49 23
3 21 5
3 22 6
4 28 23
3 19 17
3 45 14
5 26 11
3 18 7
3 20 18
4 22 9
3 23 24
4 26 12
4 21 5
3 48 27
3 5 24
3 22 10
3 26 23
4 27 6
3 49 27
2 26 19
3 20 22
3 20 7
3 44 2
3 4 19
9251 377 38
8722 348 35
10474 421 40
8613 272 30
9135 434 33
8888 379 34
10270 323 33
8771 340 32
8813 416 35
8792 340 36
9151 418 35
9051 365 30
8829 373 31
8909 414 33
10487 345 32
10730 382 36
9509 411 38
9407 431 33
8980 347 35
9448 428 34
9291 420 36
9408 385 41
9018 374 33
8922 317 40
9389 387 33
8843 383 31
9167 317 33
9546 423 36
9078 365 34
8953 376 35
8447 307 33
8769 340 34
8916 383 45
8751 379 34
8909 370 34
8915 374 40
8970 362 38
8759 324 33
8614 370 38
9118 325 35
9056 347 30
8784 305 35
8996 350 30
9147 383 34
8741 403 38
8468 406 33
9573 482 36
9292 367 62
9191 424 40
11338 404 33
Aver:
1979.54 139.872 22.78
