0 1 1
1 1 0
0 2 1
1 1 0
0 1 2
1 1 1
1 0 0
0 1 1
1 0 1
1 1 1
0 1 1
1 1 1
1 0 1
1 0 1
1 1 2
1 1 1
1 0 0
1 1 1
1 1 1
1 1 2
1 1 1
1 1 1
0 0 1
1 0 0
1 1 0
1 1 0
0 1 1
1 0 1
0 0 1
1 1 1
1 1 1
0 1 0
0 1 1
1 2 2
1 0 0
0 0 1
1 0 0
1 1 1
1 1 1
0 1 1
0 0 1
1 1 0
1 1 1
1 1 1
0 1 1
0 0 1
0 0 1
1 0 1
0 1 0
0 0 2
1 4 5
1 3 6
1 3 6
1 4 5
1 3 6
1 3 6
1 4 6
1 4 7
1 3 6
2 3 5
1 3 5
2 4 5
1 3 6
1 3 5
1 7 7
1 3 7
1 4 5
1 4 6
1 3 5
1 4 5
1 3 5
1 3 5
1 4 5
1 3 6
1 4 6
1 3 5
1 3 6
1 3 6
1 3 5
1 3 6
2 4 5
1 4 5
1 4 5
1 3 5
1 4 6
1 3 6
1 3 5
1 3 6
1 4 5
1 4 6
1 4 6
1 2 5
1 4 6
1 3 5
1 3 5
1 4 5
1 4 6
1 3 6
1 4 6
1 3 6
2 5 11
2 19 13
7 6 10
7 20 11
2 5 11
2 5 11
1 5 31
6 20 13
2 5 10
2 18 26
1 5 10
2 7 43
7 21 31
2 6 14
2 5 27
6 22 31
1 19 26
5 20 31
4 22 10
7 23 29
6 18 12
7 20 27
5 23 10
2 13 9
1 19 47
2 23 12
2 6 9
2 5 9
1 5 11
2 4 9
2 5 12
2 5 8
1 5 9
2 6 8
1 5 12
2 4 10
1 5 12
2 5 10
2 6 11
1 5 10
1 6 9
2 5 7
1 5 8
2 5 10
2 3 8
2 6 8
1 4 8
1 5 9
2 4 10
2 5 9
0 0 3
0 1 2
0 1 2
0 2 6
0 0 3
0 1 19
0 0 3
0 0 3
0 1 1
0 0 16
0 1 11
0 2 6
0 1 10
0 1 5
0 0 5
1 1 12
0 0 3
0 1 11
0 1 14
0 0 14
0 0 2
0 0 1
0 0 1
0 1 9
0 1 6
0 1 7
0 1 8
0 0 10
1 1 1
0 1 6
0 0 1
0 2 7
0 1 2
0 1 6
0 1 14
1 1 2
0 1 6
1 1 3
0 1 4
0 1 8
0 0 0
1 1 10
0 1 3
0 1 10
0 1 2
0 1 1
0 0 1
0 1 2
1 1 2
1 1 11
8 18 26
7 18 24
9 12 16
8 12 15
10 18 23
8 12 14
8 18 24
8 12 16
8 18 22
9 12 16
9 17 22
8 19 27
8 19 25
8 12 17
9 12 16
8 13 17
10 18 23
7 19 20
8 13 18
9 17 23
8 12 16
8 14 16
7 18 24
8 16 22
7 13 14
9 19 27
9 13 15
9 19 24
8 12 18
8 16 22
7 12 15
7 15 18
8 11 15
7 17 21
9 14 19
10 13 16
9 18 23
10 18 25
10 16 20
8 16 21
7 13 17
7 11 16
8 13 16
8 16 24
7 17 23
8 14 18
7 11 14
8 14 18
9 12 14
9 16 23
Aver:
2.54 5.952 9.348
