D is 6
The point are: 52300 57510 59638 61514 131152 147011 310179 358682 364378 365196 369189 376483 394228 394229 396321 416674 416676 510702 694672 
The edges are: [376483 365196]
[376483 358682]
[376483 59638]
[376483 57510]
[376483 131152]
[376483 364378]
[365196 416674]
[416674 416676]
[358682 510702]
[510702 147011]
[59638 394228]
[394228 394229]
[57510 396321]
[396321 369189]
[131152 310179]
[310179 61514]
[364378 694672]
[694672 52300]
Query size is: 6
416676 147011 394229 369189 61514 52300 
The sum weight of Tree is: 182.921
