D is 6
The point are: 47440 53610 54988 57746 59496 65566 129368 163092 248913 310179 359004 360726 369388 369770 370763 395477 395478 508651 509153 512486 
The edges are: [47440 369388]
[47440 370763]
[47440 65566]
[47440 53610]
[47440 360726]
[47440 59496]
[369388 395477]
[395477 395478]
[370763 512486]
[512486 369770]
[65566 310179]
[310179 57746]
[310179 54988]
[53610 508651]
[508651 163092]
[360726 248913]
[248913 129368]
[59496 509153]
[509153 359004]
Query size is: 7
395478 369770 57746 163092 54988 129368 359004 
The sum weight of Tree is: 187.302
