D is 6
The point are: 62 676 1123 2353 37052 70529 90347 236306 285124 982950 2445418 2554708 2826131 3411774 3411776 3985355 4175580 4988845 5050028 
The edges are: [90347 62]
[90347 676]
[90347 2353]
[90347 1123]
[62 2826131]
[62 236306]
[62 70529]
[62 4988845]
[2826131 4175580]
[676 285124]
[285124 2554708]
[236306 5050028]
[70529 2445418]
[2353 982950]
[982950 3985355]
[1123 3411774]
[3411774 3411776]
[4988845 37052]
Query size is: 7
4175580 2554708 5050028 2445418 3985355 3411776 37052 
The sum weight of Tree is: 18
