D is 6
The point are: 47476 52310 54110 54476 65560 65592 65700 128464 131380 138181 147804 150992 165601 310179 310181 369651 409915 409916 418049 496228 496229 508647 508648 510223 
The edges are: [508648 165601]
[508648 65560]
[508648 150992]
[508648 65592]
[508648 131380]
[508648 65700]
[508648 147804]
[508648 54476]
[165601 418049]
[65560 310179]
[310179 52310]
[150992 496228]
[496228 496229]
[65592 47476]
[47476 138181]
[131380 508647]
[508647 128464]
[65700 310181]
[310181 54110]
[147804 510223]
[510223 369651]
[54476 409915]
[409915 409916]
Query size is: 8
418049 52310 496229 138181 128464 54110 369651 409916 
The sum weight of Tree is: 23
