D is 6
The point are: 5002 6676 9192 9560 17564 149581 222721 435781 558543 646538 822963 828686 1218590 1521060 1627679 1807867 2753084 3078188 4136758 
The edges are: [5002 822963]
[5002 1807867]
[5002 1218590]
[5002 646538]
[5002 149581]
[5002 1521060]
[822963 558543]
[558543 4136758]
[1807867 17564]
[17564 1627679]
[1218590 435781]
[435781 3078188]
[646538 9560]
[9560 828686]
[149581 6676]
[6676 222721]
[1521060 9192]
[9192 2753084]
Query size is: 6
4136758 1627679 3078188 828686 222721 2753084 
The sum weight of Tree is: 18
