D is 6
The point are: 47291 47292 47317 47318 49616 52190 59002 130663 132195 135369 141361 141362 143450 248871 248973 365403 367301 377880 458277 500749 
The edges are: [248871 47317]
[248871 132195]
[248871 143450]
[248871 135369]
[248871 141361]
[248871 47291]
[248871 130663]
[47317 47318]
[47318 365403]
[132195 248973]
[248973 377880]
[143450 49616]
[135369 59002]
[141361 141362]
[141362 458277]
[47291 47292]
[47292 367301]
[130663 52190]
[52190 500749]
Query size is: 7
365403 377880 49616 59002 458277 367301 500749 
The sum weight of Tree is: 218.457
