D is 6
The point are: 1133 2293 45283 87830 92988 201086 481297 495104 698255 757682 775965 2009569 2242886 2286379 2521957 3543600 3617338 3736888 
The edges are: [1133 698255]
[1133 2009569]
[1133 2521957]
[1133 481297]
[1133 87830]
[1133 2242886]
[698255 2293]
[2293 2286379]
[2009569 3736888]
[2521957 757682]
[757682 775965]
[481297 201086]
[201086 495104]
[87830 92988]
[92988 3617338]
[2242886 45283]
[45283 3543600]
Query size is: 6
2286379 3736888 775965 495104 3617338 3543600 
The sum weight of Tree is: 228.277
