D is 6
The point are: 47440 58972 65566 133966 149837 161465 162118 310179 311326 360586 371340 374569 377880 378577 393357 451598 489756 694672 
The edges are: [47440 65566]
[47440 162118]
[47440 360586]
[47440 58972]
[47440 133966]
[47440 377880]
[65566 310179]
[310179 149837]
[162118 311326]
[360586 489756]
[489756 371340]
[58972 451598]
[451598 393357]
[133966 378577]
[378577 374569]
[377880 694672]
[694672 161465]
Query size is: 6
149837 311326 371340 393357 374569 161465 
The sum weight of Tree is: 160.227
