D is 6
The point are: 12 153 415 568 780 846 1123 1483 1500 2245 2314 2752 21955 55662 57549 76022 193767 326236 513142 584408 798992 955398 955399 1900668 3097545 4360378 4554885 5682735 5682738 
The edges are: [55662 12]
[55662 415]
[55662 1483]
[55662 2752]
[55662 153]
[55662 2314]
[55662 21955]
[55662 568]
[55662 1123]
[12 846]
[12 780]
[846 584408]
[415 2245]
[2245 4360378]
[780 326236]
[1483 193767]
[2752 1500]
[1500 513142]
[153 5682735]
[5682735 5682738]
[2314 57549]
[57549 1900668]
[21955 3097545]
[3097545 4554885]
[568 798992]
[798992 76022]
[1123 955398]
[955398 955399]
Query size is: 10
584408 4360378 326236 193767 513142 5682738 1900668 4554885 76022 955399 
The sum weight of Tree is: 306.479
