D is 6
The point are: 62 540 1129 1363 1462 2457 8078 16784 55662 138079 280308 517262 754225 759014 1142071 1393158 1811863 1811882 2514949 2533344 3572691 4147994 5014614 5347152 
The edges are: [1363 1393158]
[1363 754225]
[1363 16784]
[1363 3572691]
[1363 5347152]
[1363 5014614]
[1363 55662]
[1393158 1811863]
[1811863 1811882]
[754225 540]
[540 4147994]
[16784 62]
[62 1142071]
[62 759014]
[62 280308]
[3572691 2457]
[2457 2533344]
[5347152 1129]
[1129 517262]
[5014614 1462]
[1462 138079]
[55662 8078]
[8078 2514949]
Query size is: 9
1811882 4147994 1142071 2533344 759014 280308 517262 138079 2514949 
The sum weight of Tree is: 262.859
