D is 6
The point are: 62 394 4062 12829 19914 40544 40553 55660 184911 317117 456129 735754 946941 946946 1933918 2612886 2688164 4311501 4744225 
The edges are: [62 40553]
[62 946941]
[62 1933918]
[62 55660]
[62 4311501]
[62 317117]
[40553 40544]
[40544 735754]
[946941 946946]
[946946 2688164]
[1933918 394]
[394 456129]
[55660 12829]
[12829 184911]
[4311501 4062]
[4062 2612886]
[317117 19914]
[19914 4744225]
Query size is: 6
735754 2688164 456129 184911 2612886 4744225 
The sum weight of Tree is: 189.256
