D is 6
The point are: 47426 56500 61110 65602 65650 65830 67376 132385 137093 142412 142820 148195 248913 310179 325740 325741 357795 359176 382576 404342 450564 508144 508650 509179 509814 511074 
The edges are: [310179 132385]
[310179 67376]
[310179 65650]
[310179 142820]
[310179 61110]
[310179 65602]
[310179 142412]
[310179 65830]
[310179 148195]
[132385 511074]
[511074 404342]
[67376 509179]
[509179 450564]
[65650 47426]
[47426 508144]
[142820 248913]
[248913 56500]
[65602 508650]
[508650 137093]
[142412 325740]
[325740 325741]
[65830 357795]
[357795 359176]
[148195 509814]
[509814 382576]
Query size is: 9
404342 450564 508144 56500 61110 137093 325741 359176 382576 
The sum weight of Tree is: 241.31
