D is 6
The point are: 62 453 676 1197 2885 24655 40740 58064 80317 529637 535522 786596 1132696 1551922 1570999 2260224 2754383 2833586 2916216 3514245 5550542 
The edges are: [62 2916216]
[62 453]
[62 786596]
[62 529637]
[62 535522]
[62 58064]
[62 1132696]
[2916216 24655]
[24655 2833586]
[453 3514245]
[3514245 40740]
[786596 676]
[676 2754383]
[529637 2260224]
[535522 2885]
[2885 1551922]
[58064 80317]
[80317 1570999]
[1132696 1197]
[1197 5550542]
Query size is: 7
2833586 40740 2754383 2260224 1551922 1570999 5550542 
The sum weight of Tree is: 20
