D is 6
The point are: 55358 55762 65690 142820 144533 146093 165495 248913 310179 367483 376602 376803 378301 384042 389902 455184 511079 513001 
The edges are: [310179 55762]
[310179 146093]
[310179 165495]
[310179 65690]
[310179 142820]
[310179 55358]
[310179 144533]
[146093 378301]
[165495 513001]
[65690 376602]
[376602 376803]
[142820 248913]
[248913 367483]
[55358 511079]
[511079 389902]
[144533 455184]
[455184 384042]
Query size is: 7
513001 384042 378301 55762 367483 376803 389902 
The sum weight of Tree is: 168.894
