6 6 13
7 9 143
5 6 78
6 7 7
6 5 6
6 5 6
5 32 28
6 7 68
6 6 5
8 17 262
5 41 74
5 7 79
5 6 8
7 68 121
6 43 8
7 7 12
5 5 6
6 6 9
15 5 8
5 31 32
4 5 10
5 5 5
5 6 6
8 7 137
6 32 39
5 5 6
6 6 158
7 79 60
6 29 94
5 6 10
6 6 6
6 9 25
5 5 5
5 62 171
4 5 5
6 33 133
5 6 8
6 20 20
5 6 5
5 6 6
6 5 5
5 6 18
6 9 113
5 5 85
6 11 11
7 10 200
6 6 14
6 6 13
7 7 163
7 19 68
7 18 894
5 5 26
6 6 79
6 31 24
6 25 16
6 55 98
5 5 7
5 5 7
6 49 693
6 31 41
5 6 153
5 6 12
5 6 12
6 5 6
6 5 6
6 6 6
7 6 7
5 5 6
6 5 8
6 80 123
6 5 5
5 6 67
6 6 7
5 9 26
7 15 10
8 5 5
5 5 5
6 43 93
5 7 11
7 6 9
5 5 122
10 41 10
6 6 27
6 7 434
6 6 60
6 6 7
7 18 63
6 6 6
5 7 11
5 5 6
6 5 5
6 16 78
6 8 122
5 7 9
5 15 13
6 10 19
5 5 26
5 6 7
5 6 8
5 5 5
7 7 144
9 18 107
6 39 47
6 8 16
6 22 134
5 5 5
5 8 6
6 9 8
8 52 140
6 13 198
5 5 5
5 6 4
8 55 154
7 8 109
6 60 62
5 5 9
5 6 114
6 46 18
7 15 131
5 67 86
5 6 572
6 45 45
7 5 7
7 8 77
5 7 58
6 14 41
6 5 47
5 7 5
5 16 72
6 7 90
9 11 159
9 21 19
6 125 267
5 5 5
5 5 5
5 5 4
8 86 262
10 51 546
7 45 110
5 6 633
5 7 5
5 32 36
6 7 19
6 7 12
6 10 15
6 7 9
7 9 91
5 34 40
5 5 5
9 24 116
7 18 51
6 6 6
6 23 135
5 5 7
7 30 113
18 6 19
8 75 67
6 43 46
5 6 49
6 7 39
7 49 55
11 9 18
5 5 356
6 7 12
5 5 4
6 9 12
5 45 108
11 19 321
5 7 16
7 9 21
6 7 190
6 62 101
6 10 663
5 7 5
8 18 18
4 5 5
6 6 839
6 49 78
6 56 30
6 12 626
6 6 70
7 21 168
5 6 495
7 8 26
6 7 13
8 66 83
7 17 261
10 21 95
6 7 111
6 7 92
6 8 201
11 16 255
7 42 331
8 11 938
12 35 1025
9 17 304
6 20 161
7 34 186
8 18 198
10 12 217
Aver:
6.26 17.34 100.905
