D is 6
The point are: 54586 58902 67502 127307 143498 310179 356457 356458 362377 364288 374844 378337 378565 379667 379699 426337 426338 694219 
The edges are: [378565 67502]
[378565 54586]
[378565 374844]
[378565 364288]
[378565 127307]
[378565 143498]
[67502 379667]
[379667 379699]
[54586 356457]
[356457 356458]
[374844 426337]
[426337 426338]
[364288 378337]
[127307 694219]
[694219 362377]
[143498 310179]
[310179 58902]
Query size is: 6
379699 356458 426338 378337 362377 58902 
The sum weight of Tree is: 17
