D is 6
The point are: 7 572 981 1483 2906 6820 16768 16784 45484 55662 69490 180984 339760 560563 604943 1129815 1383811 2080667 2837336 3443817 4154658 5297373 
The edges are: [1483 69490]
[1483 3443817]
[1483 2837336]
[1483 2080667]
[1483 560563]
[1483 16784]
[1483 55662]
[69490 7]
[7 4154658]
[3443817 2906]
[2906 16768]
[2837336 604943]
[604943 1129815]
[2080667 339760]
[339760 180984]
[560563 981]
[981 45484]
[16784 572]
[572 1383811]
[55662 6820]
[6820 5297373]
Query size is: 7
4154658 16768 1129815 180984 45484 1383811 5297373 
The sum weight of Tree is: 213.042
