D is 6
The point are: 7 479 780 952 1054 1759 1760 27148 35124 37996 237742 334346 606801 1054935 1432458 1513758 1629721 2039364 2223592 2439770 2871495 3116404 3567742 4249556 
The edges are: [780 1054935]
[780 1513758]
[780 3116404]
[780 3567742]
[780 237742]
[780 4249556]
[780 606801]
[780 2871495]
[1054935 952]
[952 334346]
[1513758 1629721]
[3116404 7]
[7 2039364]
[3567742 1054]
[1054 35124]
[237742 27148]
[27148 2223592]
[4249556 1760]
[1760 1759]
[606801 479]
[479 2439770]
[2871495 37996]
[37996 1432458]
Query size is: 8
334346 1629721 2039364 35124 2223592 1759 2439770 1432458 
The sum weight of Tree is: 253.532
