D is 6
The point are: 62 178 1324 1446 2707 3634 4189 5983 36951 141441 345027 597137 1279676 1701641 1733404 1771107 2168753 2170159 3092305 3336330 3957788 4022276 4543200 4761080 5725382 
The edges are: [2707 2168753]
[2707 1279676]
[2707 345027]
[2707 3634]
[2707 3092305]
[2707 5983]
[2707 597137]
[2707 1324]
[2168753 36951]
[36951 3336330]
[1279676 62]
[62 4022276]
[345027 4189]
[4189 2170159]
[3634 1446]
[1446 1771107]
[3092305 1733404]
[1733404 3957788]
[5983 4543200]
[4543200 5725382]
[597137 178]
[178 141441]
[1324 4761080]
[4761080 1701641]
Query size is: 8
3336330 4022276 2170159 1771107 3957788 5725382 141441 1701641 
The sum weight of Tree is: 253.52
