D is 6
The point are: 3153 4014 5408 11530 17474 35298 42170 48728 261842 262669 272309 396053 462281 617923 735251 1210447 1978918 2705200 3472392 
The edges are: [5408 3472392]
[5408 261842]
[5408 42170]
[5408 462281]
[5408 272309]
[5408 1978918]
[3472392 17474]
[17474 617923]
[261842 4014]
[4014 262669]
[42170 48728]
[48728 396053]
[462281 35298]
[35298 2705200]
[272309 11530]
[11530 1210447]
[1978918 3153]
[3153 735251]
Query size is: 6
617923 262669 396053 2705200 1210447 735251 
The sum weight of Tree is: 18
