D is 6
The point are: 48728 53634 54104 56500 65602 131198 132484 142580 161482 248991 310179 310181 365182 376198 378347 407235 407237 420751 432899 455054 455056 
The edges are: [310179 161482]
[310179 48728]
[310179 65602]
[310179 53634]
[310179 132484]
[310179 131198]
[310179 142580]
[310179 54104]
[65602 248991]
[248991 432899]
[248991 376198]
[53634 455054]
[455054 455056]
[132484 378347]
[378347 365182]
[131198 310181]
[310181 56500]
[142580 407235]
[407235 407237]
[54104 420751]
Query size is: 9
161482 48728 432899 455056 365182 376198 56500 407237 420751 
The sum weight of Tree is: 20
