D is 6
The point are: 394 1182 1229 1446 2151 3453 7706 27930 28249 47232 51834 83754 99033 183735 285997 316791 345085 441590 688605 1764233 3282338 3349015 4228058 4393104 4493005 5646750 
The edges are: [7706 3453]
[7706 183735]
[7706 688605]
[7706 3282338]
[7706 1182]
[7706 345085]
[7706 285997]
[7706 316791]
[7706 3349015]
[3453 4228058]
[183735 1764233]
[1764233 4493005]
[688605 1446]
[1446 83754]
[3282338 1229]
[1229 47232]
[1182 441590]
[345085 2151]
[2151 4393104]
[285997 28249]
[28249 5646750]
[316791 394]
[394 51834]
[3349015 27930]
[27930 99033]
Query size is: 9
4228058 4493005 83754 47232 441590 4393104 5646750 51834 99033 
The sum weight of Tree is: 288.086
