D is 6
The point are: 65570 65626 65690 67888 137218 146093 165495 310179 376602 376803 378301 383108 384038 384042 389900 389902 455282 513001 
The edges are: [310179 65626]
[310179 146093]
[310179 165495]
[310179 65690]
[310179 65570]
[310179 67888]
[310179 137218]
[146093 378301]
[165495 513001]
[65690 376602]
[376602 376803]
[65570 455282]
[455282 383108]
[67888 384038]
[384038 384042]
[137218 389900]
[389900 389902]
Query size is: 7
513001 384042 378301 65626 383108 376803 389902 
The sum weight of Tree is: 17
