D is 6
The point are: 7 12 1482 1483 2906 4732 16768 32020 55662 58064 69490 442720 2571178 2862436 3443817 4132530 4154658 4274234 4331082 
The edges are: [1483 69490]
[1483 3443817]
[1483 1482]
[1483 4132530]
[1483 55662]
[1483 2571178]
[69490 7]
[7 4154658]
[3443817 2906]
[2906 16768]
[1482 12]
[12 4274234]
[4132530 58064]
[58064 442720]
[55662 4732]
[4732 4331082]
[2571178 32020]
[32020 2862436]
Query size is: 6
4154658 16768 4274234 442720 4331082 2862436 
The sum weight of Tree is: 191.819
