D is 6
The point are: 49914 51030 59524 64340 65602 66208 132894 141705 144400 249091 249102 310179 363638 365931 371778 378572 378624 390441 430214 430215 
The edges are: [310179 49914]
[310179 51030]
[310179 64340]
[310179 144400]
[310179 65602]
[310179 132894]
[310179 66208]
[310179 141705]
[310179 59524]
[65602 249091]
[249091 363638]
[132894 249102]
[249102 365931]
[66208 390441]
[390441 371778]
[141705 378572]
[378572 378624]
[59524 430214]
[430214 430215]
Query size is: 9
363638 378624 64340 49914 365931 371778 51030 144400 430215 
The sum weight of Tree is: 19
