D is 6
The point are: 54110 65560 65566 65656 65830 67958 142820 145276 150058 248913 248973 310179 341323 341324 359715 365193 373420 397103 436784 486892 508648 694591 
The edges are: [310179 65830]
[310179 142820]
[310179 145276]
[310179 65566]
[310179 65656]
[310179 65560]
[310179 150058]
[65830 486892]
[486892 397103]
[142820 248913]
[248913 54110]
[145276 436784]
[436784 373420]
[65566 248973]
[248973 365193]
[65656 694591]
[694591 359715]
[65560 508648]
[508648 67958]
[150058 341323]
[341323 341324]
Query size is: 7
397103 54110 373420 365193 359715 67958 341324 
The sum weight of Tree is: 211.824
