D is 6
The point are: 999 1384 2440 2673 4401 5248 6953 11478 171295 847637 1127191 1630575 1700235 1805443 1869718 2140945 2511227 3835181 4028863 
The edges are: [2440 2140945]
[2440 2511227]
[2440 171295]
[2440 1869718]
[2440 1700235]
[2440 1805443]
[2140945 6953]
[6953 4028863]
[2511227 999]
[999 847637]
[171295 2673]
[2673 4401]
[1869718 5248]
[5248 1127191]
[1700235 1384]
[1384 3835181]
[1805443 11478]
[11478 1630575]
Query size is: 6
4028863 847637 4401 1127191 3835181 1630575 
The sum weight of Tree is: 18
