D is 6
The point are: 48798 67336 132599 144343 144748 145933 163700 165648 310179 338687 338688 365143 372772 392694 402802 404309 420506 420528 512565 
The edges are: [310179 165648]
[310179 145933]
[310179 163700]
[310179 48798]
[310179 144343]
[310179 132599]
[310179 144748]
[310179 67336]
[165648 420528]
[145933 404309]
[404309 392694]
[163700 420506]
[132599 402802]
[402802 365143]
[144748 338687]
[338687 338688]
[67336 512565]
[512565 372772]
Query size is: 8
420528 392694 420506 48798 144343 365143 338688 372772 
The sum weight of Tree is: 18
