D is 6
The point are: 12 62 73 3453 4883 32833 161898 170064 262168 418243 609775 658448 666063 870218 1027304 1089949 2582194 3153819 3194239 3399926 3754846 4153591 4200925 
The edges are: [3453 870218]
[3453 2582194]
[3453 3754846]
[3453 262168]
[3453 4200925]
[3453 658448]
[3453 418243]
[3453 4883]
[2582194 161898]
[161898 609775]
[3754846 32833]
[32833 1027304]
[262168 62]
[62 1089949]
[4200925 73]
[73 3153819]
[658448 12]
[12 3194239]
[418243 666063]
[666063 3399926]
[4883 170064]
[170064 4153591]
Query size is: 8
1089949 609775 870218 3194239 3153819 3399926 1027304 4153591 
The sum weight of Tree is: 22
