D is 6
The point are: 62 483 500 1483 2343 5175 16784 18945 43576 55662 485978 485979 659773 822217 2237227 3038803 3910578 3943927 4313655 
The edges are: [1483 55662]
[1483 3943927]
[1483 2343]
[1483 485978]
[1483 16784]
[1483 659773]
[1483 5175]
[3943927 500]
[500 4313655]
[2343 483]
[483 3038803]
[485978 485979]
[16784 62]
[62 2237227]
[659773 18945]
[18945 822217]
[5175 43576]
[43576 3910578]
Query size is: 7
485979 3038803 55662 822217 3910578 2237227 4313655 
The sum weight of Tree is: 155.769
