D is 6
The point are: 62 345 1477 5840 18945 78611 124571 184625 184630 204239 814398 822217 1217548 1840402 2671940 2835990 2878538 3443851 5471282 
The edges are: [345 124571]
[345 5471282]
[345 2671940]
[345 1217548]
[345 2878538]
[345 62]
[124571 2835990]
[2835990 3443851]
[5471282 18945]
[18945 822217]
[2671940 5840]
[5840 814398]
[1217548 1477]
[1477 204239]
[2878538 78611]
[78611 1840402]
[62 184630]
[184630 184625]
Query size is: 6
3443851 822217 814398 204239 1840402 184625 
The sum weight of Tree is: 197.098
