D is 6
The point are: 47318 52300 154468 359902 364378 365196 366662 366663 369782 376483 378572 381383 416674 416676 508048 508414 508882 508958 694672 
The edges are: [376483 359902]
[376483 366662]
[376483 154468]
[376483 364378]
[376483 369782]
[376483 365196]
[359902 508414]
[508414 381383]
[366662 378572]
[378572 366663]
[154468 508882]
[508882 508958]
[364378 694672]
[694672 52300]
[369782 47318]
[47318 508048]
[365196 416674]
[416674 416676]
Query size is: 6
416676 508048 366663 381383 508958 52300 
The sum weight of Tree is: 155.216
