D is 6
The point are: 85 47440 50794 55982 57498 65566 131962 132931 141797 176134 248971 310179 358359 358781 364653 377708 379949 382012 387427 387433 391756 394130 430169 
The edges are: [47440 132931]
[47440 65566]
[47440 50794]
[47440 358359]
[47440 131962]
[47440 57498]
[47440 382012]
[47440 364653]
[132931 377708]
[65566 310179]
[310179 141797]
[310179 176134]
[50794 358781]
[358359 430169]
[131962 248971]
[248971 55982]
[57498 85]
[85 379949]
[382012 387427]
[387427 387433]
[364653 394130]
[394130 391756]
Query size is: 9
377708 141797 358781 430169 55982 379949 176134 387433 391756 
The sum weight of Tree is: 22
