D is 6
The point are: 885 2616 2811 5097 6832 16560 17276 21581 51730 51732 161306 333898 408704 678109 764779 1102089 1291163 1621528 1693960 
The edges are: [6832 161306]
[6832 764779]
[6832 408704]
[6832 1291163]
[6832 678109]
[6832 2616]
[161306 885]
[885 333898]
[764779 17276]
[17276 1621528]
[408704 5097]
[5097 1693960]
[1291163 2811]
[2811 21581]
[678109 16560]
[16560 1102089]
[2616 51732]
[51732 51730]
Query size is: 6
333898 1621528 1693960 21581 1102089 51730 
The sum weight of Tree is: 18
