15 12 98
8 32 268
8 29 354
9 46 435
9 20 109
17 10 71
9 20 330
8 11 12
9 17 178
9 19 166
14 54 538
9 10 71
14 40 397
9 18 155
9 25 247
9 14 79
9 39 411
8 16 214
8 20 114
9 12 64
9 14 141
9 50 456
9 18 86
9 17 74
9 25 151
14 24 105
9 13 52
13 10 11
14 22 131
14 52 309
8 9 10
9 10 26
9 10 10
9 27 206
9 9 19
9 20 126
8 28 79
9 53 335
9 18 109
8 15 80
8 14 30
9 30 211
9 13 110
9 47 356
17 29 201
9 14 45
14 14 38
8 11 17
9 54 287
17 18 43
20 252 3378
19 90 1185
15 188 1717
21 153 908
14 159 868
14 97 1679
15 170 1814
14 131 1594
15 55 1151
15 82 1011
15 101 823
15 147 1773
14 110 960
14 99 857
15 72 1450
15 80 978
15 71 1775
14 54 1976
15 151 1187
16 140 301
19 88 2565
15 81 339
15 139 1313
15 93 331
15 139 879
15 59 500
14 116 1778
19 108 1453
14 82 1289
15 65 1286
14 81 501
14 133 1511
15 105 1069
15 152 429
15 129 2282
14 111 1252
15 80 1069
15 102 1178
15 72 1073
15 122 970
14 126 730
18 43 1369
17 60 314
15 186 782
15 105 1082
14 47 1025
15 94 1960
15 87 1092
15 73 968
15 59 762
22 147 3515
21 714 3371
16 391 3705
19 249 4176
16 289 6570
18 306 6509
20 236 2714
16 123 4821
16 234 1119
17 409 5115
17 215 2398
16 184 5262
17 410 3252
17 455 6254
16 531 11628
18 142 1445
16 260 738
16 39 590
16 408 1813
16 153 9560
17 151 5442
16 138 4282
16 278 5092
17 530 13447
17 536 14234
18 180 4842
17 529 6992
16 232 2911
17 776 1273
16 335 2236
20 599 4426
16 695 1949
16 516 1681
16 99 2940
18 534 2824
17 518 4008
16 301 5037
16 344 3616
17 353 830
17 612 2288
17 183 8476
17 195 4304
17 196 1942
16 168 4634
16 264 7673
17 603 1178
16 517 4552
17 245 5386
16 289 5014
19 135 3428
14 14 2011
14 15 1721
14 14 1721
16 14 1428
14 15 880
14 19 2181
14 16 1151
14 14 1961
15 21 1845
14 19 655
14 15 1413
16 16 2037
18 17 647
14 17 1143
14 18 1891
14 17 1462
14 15 1575
15 15 814
14 17 2202
14 17 1818
15 14 1344
18 21 1605
15 15 1687
14 16 2119
15 16 3282
14 18 1597
15 14 2386
14 15 1793
14 17 1721
14 14 1015
15 17 2292
14 21 212
18 16 920
15 17 1905
14 23 1936
14 17 1833
15 20 1775
14 15 1518
14 21 2556
15 15 1660
14 17 1989
15 15 1527
14 17 1998
18 20 2459
15 17 1392
15 18 1365
15 16 2184
14 15 538
15 15 2138
14 16 1860
61 791 2332
72 613 1869
66 685 2213
77 690 2089
68 698 1835
65 639 1714
69 633 1834
64 884 2033
65 676 1610
65 640 1703
65 668 1711
65 782 1912
64 683 1805
75 653 1860
64 659 1538
71 771 1573
64 504 681
67 543 1300
66 708 1096
64 810 1645
65 706 1733
65 757 1845
71 360 488
69 671 1832
76 647 1763
64 674 1635
65 655 1729
65 613 1588
65 596 1559
65 558 1489
67 585 1268
65 611 1421
64 567 1437
65 539 1381
65 642 1494
76 436 956
65 628 1373
67 554 1538
65 564 1184
74 600 1217
64 661 1198
65 518 1261
65 667 607
66 639 1221
65 591 1150
65 552 1237
65 549 1273
65 579 1213
69 609 1163
65 499 1228
Aver:
24.756 223.308 1792.76
