D is 6
The point are: 12 62 952 1440 7548 10234 38231 50583 153183 475835 786645 995697 1016748 1759054 2582686 3019111 3575325 3946165 4063366 4917011 5164965 
The edges are: [12 4063366]
[12 5164965]
[12 3575325]
[12 10234]
[12 786645]
[12 1016748]
[12 3019111]
[4063366 952]
[952 2582686]
[5164965 7548]
[7548 3946165]
[3575325 38231]
[38231 995697]
[10234 1759054]
[786645 62]
[62 4917011]
[1016748 1440]
[1440 475835]
[3019111 50583]
[50583 153183]
Query size is: 7
2582686 3946165 995697 1759054 4917011 475835 153183 
The sum weight of Tree is: 20
