D is 6
The point are: 715 2194 4265 17148 24529 79369 96622 105282 111388 456934 478212 537857 630239 877597 1479628 1751095 2965111 3586353 4798283 
The edges are: [4265 877597]
[4265 630239]
[4265 456934]
[4265 1479628]
[4265 111388]
[4265 2965111]
[877597 17148]
[17148 478212]
[630239 105282]
[105282 1751095]
[456934 96622]
[96622 3586353]
[1479628 2194]
[2194 537857]
[111388 715]
[715 79369]
[2965111 24529]
[24529 4798283]
Query size is: 6
478212 1751095 3586353 537857 79369 4798283 
The sum weight of Tree is: 241.099
