D is 6
The point are: 47440 47676 58634 61734 65602 129331 141482 151026 162673 310179 310181 365193 366111 376930 377880 380130 382197 382620 390956 400286 400287 
The edges are: [47676 65602]
[47676 376930]
[47676 58634]
[47676 129331]
[47676 366111]
[47676 141482]
[47676 377880]
[65602 310179]
[310179 61734]
[310179 151026]
[376930 47440]
[47440 365193]
[58634 382620]
[382620 380130]
[129331 310181]
[310181 162673]
[366111 400286]
[400286 400287]
[141482 390956]
[390956 382197]
Query size is: 8
61734 365193 380130 162673 400287 382197 377880 151026 
The sum weight of Tree is: 20
