D is 6
The point are: 47338 51014 55982 65708 66848 68304 131952 132931 141797 153416 176134 248971 310179 362805 377708 379949 387433 429603 451138 451139 508882 
The edges are: [310179 132931]
[310179 141797]
[310179 51014]
[310179 153416]
[310179 131952]
[310179 68304]
[310179 176134]
[310179 65708]
[310179 66848]
[132931 377708]
[51014 362805]
[153416 429603]
[131952 248971]
[248971 55982]
[68304 47338]
[47338 379949]
[65708 508882]
[508882 387433]
[66848 451138]
[451138 451139]
Query size is: 9
377708 141797 362805 429603 55982 379949 176134 387433 451139 
The sum weight of Tree is: 199.82
