D is 6
The point are: 12 846 2282 8786 15885 64571 197127 1164831 2170159 2309802 3177231 3379455 3690443 3690446 3998762 4948270 4948272 5341257 
The edges are: [846 12]
[846 3998762]
[846 197127]
[846 1164831]
[846 5341257]
[846 2309802]
[12 4948270]
[4948270 4948272]
[3998762 15885]
[15885 3177231]
[197127 2282]
[2282 2170159]
[1164831 3379455]
[5341257 8786]
[8786 64571]
[2309802 3690443]
[3690443 3690446]
Query size is: 6
4948272 3177231 2170159 3379455 64571 3690446 
The sum weight of Tree is: 17
