D is 6
The point are: 4921 7143 11582 12611 15177 17241 26498 544838 700160 1083894 1196353 1300241 1789879 1888283 2080636 2971967 3105817 3370979 
The edges are: [7143 1789879]
[7143 2080636]
[7143 1888283]
[7143 3370979]
[7143 3105817]
[7143 1083894]
[1789879 15177]
[15177 544838]
[2080636 26498]
[26498 1196353]
[1888283 17241]
[17241 2971967]
[3370979 12611]
[3105817 11582]
[11582 1300241]
[1083894 4921]
[4921 700160]
Query size is: 6
544838 1196353 2971967 12611 1300241 700160 
The sum weight of Tree is: 226.371
