D is 6
The point are: 653 952 1198 2282 2575 3453 15531 17395 201058 230098 437270 492043 527123 1032647 2170159 3377077 3430635 4228058 4424012 4461154 5300977 5435985 
The edges are: [653 230098]
[653 492043]
[653 5435985]
[653 5300977]
[653 3377077]
[653 1032647]
[653 3430635]
[230098 3453]
[3453 4228058]
[492043 17395]
[17395 4461154]
[5435985 2282]
[2282 2170159]
[5300977 15531]
[15531 4424012]
[3377077 2575]
[2575 201058]
[1032647 1198]
[1198 527123]
[3430635 952]
[952 437270]
Query size is: 7
4228058 4461154 2170159 4424012 201058 527123 437270 
The sum weight of Tree is: 21
