1 2 6
1 1 1
1 2 4
1 2 3
1 1 4
1 1 4
1 2 2
1 1 2
1 1 2
1 2 3
1 1 4
1 1 2
0 2 2
1 2 2
0 2 3
1 2 4
1 1 2
0 1 2
1 3 3
1 1 3
1 2 3
1 2 1
1 2 3
1 1 2
1 1 1
1 1 2
0 2 2
1 1 2
1 3 3
1 2 2
0 1 3
0 2 2
1 1 10
1 2 3
0 1 3
1 0 2
0 1 2
0 1 2
1 1 2
1 1 3
0 1 2
1 1 1
0 1 2
0 2 4
1 2 3
1 2 1
0 1 2
1 1 2
2 1 1
0 2 3
2 9 17
2 5 48
1 6 14
1 29 31
2 11 38
1 8 16
2 9 65
1 10 17
1 10 33
1 7 36
2 11 21
2 4 14
2 10 14
1 9 45
1 5 17
1 15 20
2 5 9
2 5 15
1 6 31
2 4 9
1 6 59
1 14 26
1 9 16
1 12 23
2 23 12
1 10 11
1 10 17
2 8 28
1 10 53
1 8 7
1 3 13
1 10 41
1 6 10
1 9 14
1 17 55
1 5 14
1 4 22
1 10 26
1 10 18
1 5 10
1 3 19
4 3 9
1 14 27
1 8 29
1 8 9
1 5 109
1 3 17
1 16 38
1 5 8
2 11 30
3 23 229
3 15 57
3 8 37
2 6 29
2 17 33
3 29 52
3 42 66
3 41 110
3 20 87
3 9 34
3 8 37
2 7 48
3 19 132
2 43 254
4 7 44
2 9 22
2 25 74
2 7 15
2 15 298
2 12 15
3 14 44
3 7 16
2 10 64
2 26 39
2 20 26
2 53 76
2 54 58
2 16 23
2 10 19
3 17 11
3 12 36
3 9 44
2 55 253
3 24 44
3 9 123
2 14 57
3 30 54
2 9 300
2 13 67
2 8 18
2 20 96
2 46 36
2 7 74
3 40 16
2 7 15
2 15 14
2 16 26
2 7 13
3 13 42
3 39 280
0 0 48
0 1 28
0 1 60
1 2 35
0 1 35
0 0 56
1 1 31
0 0 35
0 1 44
0 1 64
0 1 63
0 2 47
0 1 40
0 1 54
0 1 41
1 1 66
0 0 43
0 1 42
0 0 43
0 0 42
0 2 47
0 1 34
0 1 27
0 1 39
0 2 55
0 0 41
0 1 24
0 1 40
0 1 25
1 1 62
0 1 27
1 1 36
0 1 46
1 1 35
1 1 44
0 1 36
0 1 26
1 2 44
0 1 33
0 0 34
0 1 18
0 1 37
0 1 56
0 1 49
0 1 51
0 1 28
1 1 26
0 1 53
1 6 72
0 1 28
37 66 81
31 63 75
36 69 80
40 74 90
33 72 85
37 71 84
34 64 79
35 67 82
31 79 93
32 63 94
38 63 79
31 59 76
36 61 79
36 78 97
38 71 83
40 72 82
32 60 76
35 65 81
35 65 86
39 68 86
41 72 87
34 69 81
34 61 73
34 59 84
44 87 105
40 74 93
45 83 91
33 71 122
38 60 93
39 68 87
45 75 82
37 72 87
37 74 108
38 79 99
42 87 101
39 69 83
34 65 78
33 60 78
37 67 101
39 77 94
43 72 84
38 68 90
32 62 101
32 66 94
36 70 78
36 67 87
34 65 82
34 60 74
41 69 86
39 79 97
Aver:
8.28 20.028 46.108
