D is 6
The point are: 47440 47676 50090 65206 133132 141515 248908 357898 369576 376050 376196 376200 376201 376930 383263 391240 391824 391826 406158 406161 
The edges are: [47676 369576]
[47676 376930]
[47676 65206]
[47676 133132]
[47676 376200]
[47676 141515]
[369576 248908]
[248908 391240]
[376930 47440]
[47440 376050]
[65206 406158]
[406158 406161]
[133132 383263]
[383263 357898]
[376200 376196]
[376196 376201]
[376196 50090]
[141515 391824]
[391824 391826]
Query size is: 7
391240 376050 406161 357898 376201 50090 391826 
The sum weight of Tree is: 196.536
