D is 6
The point are: 62 676 952 4769 12543 26007 51003 132008 450330 450337 492946 547490 608229 982950 2589883 2589885 2658817 3985355 4537064 
The edges are: [26007 608229]
[26007 676]
[26007 62]
[26007 952]
[608229 982950]
[982950 3985355]
[676 51003]
[676 547490]
[676 132008]
[62 12543]
[62 450330]
[62 2589883]
[12543 492946]
[547490 4537064]
[450330 450337]
[2589883 2589885]
[952 4769]
[4769 2658817]
Query size is: 8
3985355 51003 492946 4537064 450337 2589885 132008 2658817 
The sum weight of Tree is: 18
