D is 6
The point are: 12 44 572 682 99098 113800 280651 622492 823400 1012719 1740934 1740935 1762573 1811863 1811882 2995347 4200109 5050362 5191358 
The edges are: [682 622492]
[682 5191358]
[682 572]
[682 1762573]
[682 1740934]
[682 1012719]
[682 4200109]
[572 99098]
[572 823400]
[1762573 113800]
[1740934 1740935]
[1740934 44]
[823400 2995347]
[44 280651]
[1012719 1811863]
[1811863 1811882]
[4200109 12]
[12 5050362]
Query size is: 9
1811882 5050362 113800 5191358 622492 1740935 280651 2995347 99098 
The sum weight of Tree is: 18
