D is 6
The point are: 47525 47526 50060 54618 59148 59646 81440 122396 122855 136115 136972 141738 141739 148510 148755 164629 180078 248871 310179 310180 
The edges are: [122855 248871]
[122855 81440]
[248871 136972]
[248871 47525]
[248871 148510]
[248871 136115]
[248871 148755]
[248871 141738]
[136972 122396]
[47525 47526]
[81440 310179]
[81440 310180]
[310179 180078]
[310179 164629]
[148510 59148]
[310180 50060]
[136115 54618]
[148755 59646]
[141738 141739]
Query size is: 9
122396 47526 180078 59148 50060 54618 59646 141739 164629 
The sum weight of Tree is: 19
