D is 6
The point are: 2911 47464 47676 55588 57418 84518 136924 142857 310179 357795 357996 360453 369529 377692 384626 387594 398805 403956 
The edges are: [2911 136924]
[2911 55588]
[2911 142857]
[2911 357996]
[2911 360453]
[136924 310179]
[310179 84518]
[310179 57418]
[55588 47464]
[55588 47676]
[47464 369529]
[142857 357795]
[357795 384626]
[357996 377692]
[360453 403956]
[403956 398805]
[47676 387594]
Query size is: 7
84518 57418 369529 384626 377692 398805 387594 
The sum weight of Tree is: 17
