D is 6
The point are: 1128 2018 2432 4444 4860 6453 11082 13704 29320 263530 366697 566695 916800 1213716 1434932 1459490 1570306 2086448 3034880 
The edges are: [1128 566695]
[1128 13704]
[1128 1570306]
[1128 263530]
[1128 366697]
[1128 1459490]
[566695 2432]
[2432 3034880]
[13704 4444]
[4444 1434932]
[1570306 11082]
[11082 916800]
[263530 4860]
[4860 29320]
[366697 6453]
[6453 2086448]
[1459490 2018]
[2018 1213716]
Query size is: 6
3034880 1434932 916800 29320 2086448 1213716 
The sum weight of Tree is: 18
