D is 6
The point are: 1237 1628 6560 8973 30188 288218 402695 522308 564267 586345 875277 918660 990521 1703481 1939729 1999374 2108612 2346003 4457306 
The edges are: [1237 288218]
[1237 1703481]
[1237 2108612]
[1237 2346003]
[1237 586345]
[1237 918660]
[288218 30188]
[30188 4457306]
[1703481 8973]
[8973 402695]
[2108612 990521]
[990521 1939729]
[2346003 522308]
[522308 1999374]
[586345 6560]
[6560 564267]
[918660 1628]
[1628 875277]
Query size is: 6
4457306 402695 1939729 1999374 564267 875277 
The sum weight of Tree is: 18
