D is 6
The point are: 1237 4220 4502 11975 16227 24591 30092 61331 75472 92705 166443 171011 196473 224781 275245 313029 1262353 2179328 2860339 
The edges are: [4220 171011]
[4220 196473]
[4220 313029]
[4220 275245]
[4220 61331]
[4220 75472]
[171011 11975]
[11975 92705]
[196473 24591]
[24591 166443]
[313029 16227]
[16227 2179328]
[275245 4502]
[4502 2860339]
[61331 30092]
[30092 1262353]
[75472 1237]
[1237 224781]
Query size is: 6
92705 166443 2179328 2860339 1262353 224781 
The sum weight of Tree is: 238.759
