D is 6
The point are: 50090 56500 59746 129297 143101 144612 146756 160542 160543 167189 169763 310178 310179 358092 358163 377421 449622 
The edges are: [160542 310179]
[160542 160543]
[160542 310178]
[310179 143101]
[310179 59746]
[310179 144612]
[310179 146756]
[143101 377421]
[160543 449622]
[160543 358163]
[449622 50090]
[310178 169763]
[310178 167189]
[169763 56500]
[167189 129297]
[358163 358092]
Query size is: 8
377421 59746 50090 56500 129297 144612 146756 358092 
The sum weight of Tree is: 16
