124 322 81
153 296 128
133 61 236
136 428 22
186 56 8
135 76 18
125 42 283
141 477 102
134 67 205
131 384 25
141 154 11
132 83 6
130 54 5
127 97 7
140 170 5
151 407 10
129 63 31
151 82 250
143 548 90
190 71 306
123 328 66
154 490 6
138 204 5
177 435 10
141 71 14
127 383 8
226 40 15
142 79 14
136 459 307
126 90 21
143 84 7
142 65 39
124 77 8
142 76 13
129 56 5
126 392 10
359 132 213
142 435 41
160 78 12
139 436 6
134 72 11
338 67 23
130 78 320
128 59 210
126 252 44
208 362 8
160 67 5
128 74 6
132 510 43
154 68 299
554 2701 216
553 391 13
1833 1151 18
577 905 168
541 896 54
880 846 612
586 921 384
621 810 533
547 868 55
565 1626 564
590 267 709
564 2141 154
601 254 504
545 931 159
573 1098 16
572 985 102
830 2599 24
564 2159 57
619 827 11
589 781 596
555 2145 710
760 975 136
569 1080 482
587 1127 15
565 873 18
576 201 21
1325 747 12
538 1066 35
590 1495 697
571 854 51
777 878 21
756 256 652
755 1506 19
614 1001 17
603 916 26
624 182 165
565 1365 129
669 910 129
606 1111 191
685 862 97
625 844 19
572 975 70
703 457 14
672 502 23
596 755 39
613 968 99
584 936 40
597 356 619
552 215 19
587 1075 539
1475 1978 724
1371 2615 57
1358 4743 280
1367 1803 50
1999 819 879
1332 2690 187
1354 3909 755
2259 1589 38
1282 688 1017
1336 1487 260
1371 1317 34
1370 1452 104
1286 3192 325
1347 1357 964
1472 1844 45
1668 1563 118
1348 1517 295
1753 1712 54
2645 1357 32
1416 2789 281
2415 1697 52
1681 1549 37
1277 1394 192
1491 4624 917
1367 574 684
1296 460 25
1347 1503 181
1358 1963 137
1375 1876 41
2450 1544 29
1689 1253 919
1425 1091 644
1360 1552 77
1430 2466 34
1368 2240 41
2223 2416 282
1416 2600 161
1363 1868 1023
1347 1010 20
2445 1788 859
1462 526 963
1652 1581 912
1356 3951 700
1489 3783 106
1325 1954 787
1315 677 861
1412 1190 24
1312 481 28
1448 1800 882
1634 600 879
7 200 130
13 80 105
11 362 95
97 74 18
9 240 31
14 135 77
10 170 38
7 221 122
8 473 100
8 187 96
8 81 55
8 146 66
7 243 46
8 654 60
9 329 49
11 190 89
10 451 96
12 387 64
8 105 59
22 461 81
10 763 20
12 580 47
8 249 91
21 96 59
7 545 25
9 339 55
9 153 12
9 105 87
9 131 65
11 210 50
12 930 115
12 192 14
9 168 61
7 149 67
27 57 474
8 91 109
10 526 89
7 377 76
10 272 138
10 223 9
9 104 78
7 361 58
7 631 70
10 257 72
9 174 57
7 207 93
8 252 101
7 274 111
9 184 54
8 173 71
55296 2824 115
48977 2337 96
52214 2318 97
53577 2883 94
48750 7113 88
48262 4254 103
47754 2229 107
48072 2273 104
56192 2849 88
53941 3067 97
47518 2393 90
53355 2941 90
53696 2780 128
53887 2241 89
46143 3069 108
53050 2643 104
52806 2700 101
53606 2496 94
49825 7797 90
54533 2420 106
50247 2857 103
54554 2238 97
48821 3329 250
47254 3360 208
50070 2646 104
46998 3075 100
48415 2828 96
47829 2498 105
54679 4392 103
52205 2787 108
54804 6993 89
53191 2968 92
54551 2650 112
55951 2728 94
53576 2558 108
46116 3347 99
48039 3083 81
56427 2549 87
49939 2449 115
47953 2650 74
54305 8035 77
54179 2751 104
51540 3082 92
48370 3529 100
56063 9231 109
51506 2591 103
48263 2398 87
53634 2348 84
57026 2790 103
55662 5216 92
Aver:
10807.2 1334.9 166.948
