D is 6
The point are: 777 5210 9205 22817 78467 96170 106802 330159 530397 686642 790530 923913 1085727 1104177 2167591 3054126 3444919 3572259 3912764 
The edges are: [5210 78467]
[5210 3444919]
[5210 330159]
[5210 1085727]
[5210 2167591]
[5210 1104177]
[78467 22817]
[22817 3054126]
[3444919 106802]
[106802 3572259]
[330159 96170]
[96170 686642]
[1085727 777]
[777 790530]
[2167591 530397]
[530397 3912764]
[1104177 9205]
[9205 923913]
Query size is: 6
3054126 3572259 686642 790530 3912764 923913 
The sum weight of Tree is: 234.61
