D is 6
The point are: 588 4252 4946 5554 6027 13690 20933 197056 249949 263428 551770 839898 1083706 1290829 1518186 2112780 2988482 3314817 4502203 
The edges are: [5554 197056]
[5554 6027]
[5554 2988482]
[5554 249949]
[5554 1518186]
[5554 3314817]
[197056 588]
[588 839898]
[6027 551770]
[551770 2112780]
[2988482 13690]
[13690 263428]
[249949 20933]
[20933 1083706]
[1518186 4252]
[4252 1290829]
[3314817 4946]
[4946 4502203]
Query size is: 6
839898 2112780 263428 1083706 1290829 4502203 
The sum weight of Tree is: 18
