D is 6
The point are: 62 483 2669 28592 40544 40553 63678 96462 280484 461429 735754 946941 946946 2122543 2646358 2646359 2688164 4324058 4324059 
The edges are: [62 280484]
[62 40553]
[62 946941]
[62 63678]
[62 28592]
[62 2122543]
[280484 4324058]
[4324058 4324059]
[40553 40544]
[40544 735754]
[946941 946946]
[946946 2688164]
[63678 483]
[483 461429]
[28592 2669]
[2669 96462]
[2122543 2646358]
[2646358 2646359]
Query size is: 6
4324059 735754 2688164 461429 96462 2646359 
The sum weight of Tree is: 187.979
