D is 6
The point are: 1084 2282 4189 5294 93261 149432 150230 286702 472653 960259 982722 1533949 2170159 2587231 2789746 3407993 3798870 4909855 5073022 
The edges are: [1084 150230]
[1084 3407993]
[1084 5073022]
[1084 3798870]
[1084 982722]
[1084 2789746]
[150230 4909855]
[4909855 286702]
[3407993 5294]
[5294 960259]
[5073022 2282]
[2282 2170159]
[3798870 472653]
[472653 2587231]
[982722 4189]
[4189 1533949]
[2789746 93261]
[93261 149432]
Query size is: 6
286702 960259 2170159 2587231 1533949 149432 
The sum weight of Tree is: 18
