44 41 2063
21 18 109
24 143 26
27 875 9059
44 1812 9085
33 75 971
19 208 3530
38 383 14578
34 45 58
36 461 2635
45 164 1203
53 321 4628
37 65 2935
36 336 2015
46 63 3331
83 88 48
10 11 529
11 72 724
33 37 3762
32 317 3255
10 144 967
10 13 456
19 47 577
31 48 365
32 49 324
13 855 2091
39 22 1480
27 28 349
10 10 730
12 30 2863
11 34 3499
25 397 1220
17 110 7682
100 64 4246
23 71 2324
29 534 10172
13 31 2965
46 23 24
11 403 1038
32 229 141
25 17 142
26 30 1960
28 162 9236
24 24 894
23 25 995
35 1319 10684
31 41 139
12 13 13
15 138 1350
28 504 3632
41 152 7379
51 2093 6517
53 2521 20257
95 863 13201
61 2085 31795
26 591 19427
28 281 22759
40 7073 60809
45 2051 8561
24 976 54275
22 856 12489
23 307 2941
31 337 62798
21 145 4833
24 1455 7694
30 226 3144
33 132 4255
22 22 641
29 1528 15069
24 1041 4803
51 1283 24719
29 102 1595
15 73 915
80 7198 51583
30 150 9644
41 1726 44718
31 235 8582
31 1454 6418
29 93 8527
21 39 165
24 1032 59
30 265 562
25 94 6119
32 999 5228
30 156 11925
28 1518 970
22 29 816
24 859 1732
21 58 81
23 24 2836
24 338 261
20 21 49
21 530 2737
59 490 27137
24 31 755
19 523 1903
13 14 1566
13 12 86
109 687 8306
38 128 1761
31 488 2245
26 20 5729
37 161 11725
26 179 1067
26 51 4417
27 100 17722
24 31 8821
26 562 1444
43 113 21833
152 493 30181
29 739 22883
59 381 2763
37 1685 9208
60 3691 38836
48 114 3659
54 1174 11937
22 228 2200
24 172 6001
24 584 3474
21 46 1615
24 1294 10246
21 31 2590
52 2439 94667
24 722 1600
22 163 8000
25 786 4079
24 31 221
30 39 564
69 2628 7258
26 139 8307
24 1354 3180
26 77 132
28 97 1993
40 942 5797
29 194 5984
24 98 1497
14 178 3265
15 27 24
191 1056 14021
22 21 232
34 46 9510
45 193 17183
23 140 953
55 595 5332
28 757 15685
42 1573 22560
21 858 19587
28 413 3911
24 395 1981
56 17 1157
28 561 3642
24 1822 38682
14 147 42
13 395 585
33 278 4998
42 1152 36812
54 1440 7512
82 7782 7313
24 50 990
37 5701 14759
24 25 3389
14 78 11
41 1353 3235
33 574 1984
15 19 200
30 177 4353
23 590 305
33 504 11215
25 25 31
27 734 2298
25 74 5454
25 228 19889
25 132 1870
27 33 1015
24 548 2121
40 28 2657
25 70 22987
28 828 3936
26 730 4829
25 26 1866
23 49 1177
36 80 9128
31 379 9084
97 582 27112
78 2194 33645
42 3350 13830
11 11 627
27 2842 16010
25 871 12675
23 14 347
24 26 2858
110 170 3062
24 39 2003
26 1791 10768
27 1289 8488
28 87 2870
29 658 3086
124 9636 40532
11 875 3318
36 69 11760
24 328 1897
31 2587 24466
47 1542 20106
10 10 46
28 2170 10730
26 83 12861
32 1176 12861
32 316 11413
30 263 8578
25 47 4099
29 673 4925
25 387 6114
16 10 29
24 542 2742
24 50 3806
41 866 1133
26 34 224
28 737 7414
25 118 1163
50 9813 61061
26 762 6534
25 153 5594
25 62 1572
31 1211 9010
45 247 635
27 33 1247
27 427 12042
24 33 349
28 171 22229
25 285 6813
116 153 9622
96 2693 9528
24 44 484
27 33 2846
25 390 783
24 40 1795
25 1523 4873
54 998 24795
25 351 916
25 382 7047
26 136 3022
29 710 5133
27 141 3741
36 1988 17625
25 213 3705
45 1317 22447
11 305 2774
10 21 135
24 656 8935
28 654 20699
27 331 20814
26 578 27438
36 1270 36087
25 272 11598
33 2973 26456
25 47 2759
24 10 403
40 1103 13986
25 213 11511
62 2741 27206
26 1050 6643
50 4678 12934
26 1407 9012
25 30 1849
27 1055 7379
24 64 3419
119 3929 34092
20 42 88
20 570 2286
32 779 9543
22 101 16239
11 28 72
11 559 3806
21 23 8544
21 29 477
29 107 228
11 10 555
10 12 296
22 27 1364
10 16 1568
12 329 1035
13 246 567
11 681 2650
22 13 242
23 18 33
26 276 502
11 15 461
21 10 396
98 110 187
22 21 21
55 156 301
13 40 1356
11 10 4713
10 31 703
10 10 373
28 30 70
22 18 137
23 18 37
21 20 23
21 134 4281
19 22 60
41 1064 2439
22 21 963
33 515 2585
21 10 15
131 1476 8952
138 3302 40643
17 290 392
17 25 965
21 52 579
24 179 308
10 11 35
17 70 5359
13 18 38
10 10 939
15 27 141
14 128 1089
18 398 1029
34 22 1885
21 1477 15041
167 694 1152
11 154 3353
24 590 78
13 272 1660
10 14 622
55 1388 305
19 29 159
15 1251 1065
18 106 1513
10 12 13
18 140 3046
19 503 6232
10 42 498
11 309 633
11 10 497
14 86 29
24 13 15
48 1775 4206
11 55 294
17 108 932
11 420 1197
19 16 417
18 99 3110
86 201 375
32 505 858
11 10 796
16 13 1026
17 200 5005
23 32 67
18 18 20
93 119 220
32 515 3223
24 593 1903
10 11 703
11 329 463
14 23 63
11 10 644
10 379 1046
20 10 607
11 478 981
20 11 432
10 10 720
16 39 1243
12 17 32
25 114 963
11 11 869
12 88 1335
42 2867 7790
58 196 436
17 19 123
22 47 1259
27 63 2968
29 889 3007
19 532 2978
17 265 1146
17 18 723
20 145 6212
10 17 69
11 161 1098
22 623 5141
17 38 2512
23 85 9176
24 436 1480
12 19 5596
10 17 1631
16 18 3585
17 744 1370
10 10 607
14 390 239
36 108 7934
17 38 25
17 476 2300
11 508 10944
22 59 626
18 198 450
19 135 3104
17 90 3536
17 62 1335
18 52 1383
36 128 175
17 223 2365
42 7994 22975
11 10 12
17 37 1347
17 37 1726
17 16 326
20 1122 1298
16 114 1147
11 14 315
11 140 914
19 21 2516
11 270 3415
17 36 91
21 88 34253
19 752 7866
12 24 719
38 745 17193
22 606 19378
17 94 5280
98 9106 22530
19 753 1586
18 124 5244
16 308 2359
16 66 5513
29 489 3646
17 40 1196
17 107 4869
16 423 891
17 69 2464
10 133 343
15 85 11366
54 143 32963
31 192 8520
16 377 165
17 21 233
18 520 104
17 48 2722
17 194 891
Aver:
29.4132 582.954 6443.5
