OpenCyc UW 39.633 3.435 7.194 21.077 39.633
OpenCyc IW 59.638 3.435 7.349 24.250 56.897
Mondial UW 48.729 3.937 28.534 44.576 48.729
Mondial IW 63.041 3.937 29.106 52.909 62.432
LUBM-50K UW 113.476 3.993 8.210 23.594 113.476
LUBM-50K IW 144.610 3.993 8.232 23.802 143.915
YAGO UW 49.623 2.404 3.516 8.589 49.623
YAGO IW 81.785 2.404 3.555 9.351 77.566
LinkedMDB UW 92.513 2.558 6.088 18.599 92.513
LinkedMDB IW 178.781 2.558 6.139 20.141 176.887
LUBM-500K UW 493.346 4.046 9.594 47.826 493.346
LUBM-500K IW 553.616 4.046 9.609 50.695 550.780
Dbpedia UW 80.874 3.929 11.576 80.874 80.874
Dbpedia IW 99.581 3.929 12.046 99.581 99.551
LUBM-5M UW 149.806 4.047 9.973 149.806 149.806
LUBM-5M IW 154.798 4.047 9.987 154.798 154.798
