D is 6
The point are: 9925 47338 47440 48702 50474 53638 56500 68304 142710 142820 142951 151852 168101 248913 310179 359828 365563 386395 
The edges are: [310179 48702]
[310179 50474]
[310179 53638]
[310179 142951]
[310179 151852]
[310179 168101]
[310179 142820]
[310179 68304]
[310179 142710]
[50474 47440]
[47440 359828]
[142820 248913]
[248913 56500]
[68304 47338]
[47338 365563]
[142710 9925]
[9925 386395]
Query size is: 10
50474 142951 151852 386395 53638 359828 48702 56500 168101 365563 
The sum weight of Tree is: 174.897
