1 2 6
1 1 2
1 7 25
0 1 3
1 1 7
0 2 8
1 9 16
1 3 7
0 1 2
1 1 4
1 2 7
0 1 4
1 3 5
1 1 2
1 2 6
1 2 3
1 1 2
0 2 3
1 3 5
0 1 7
1 2 2
1 2 4
0 4 6
0 3 4
1 2 2
0 1 2
0 1 2
0 1 2
1 2 3
1 2 5
1 1 2
0 0 2
0 1 3
1 1 4
1 1 3
1 2 3
1 2 7
1 1 3
0 0 2
0 1 6
1 1 2
0 2 3
1 1 2
0 2 6
1 1 3
0 2 2
0 3 4
0 1 4
1 2 7
1 3 5
1 14 50
1 8 80
1 7 37
1 9 39
1 16 45
1 11 71
1 9 33
2 20 39
1 10 56
2 12 35
1 11 66
1 5 40
1 9 41
1 12 38
1 7 34
2 15 56
1 6 33
1 12 32
1 10 27
2 5 11
1 7 52
1 10 48
1 8 14
1 7 35
1 13 74
1 6 18
2 8 34
2 12 20
1 13 60
1 7 28
1 11 21
1 11 71
1 7 16
1 11 42
1 9 68
1 8 22
1 6 23
1 13 24
1 10 34
1 6 10
1 7 21
2 5 33
2 11 52
2 8 22
2 13 25
2 13 24
1 16 38
2 11 58
1 5 10
2 6 32
3 39 226
3 14 175
3 12 62
3 22 90
2 23 55
2 33 207
2 84 236
2 21 92
3 32 87
3 12 192
2 18 76
6 33 135
3 25 210
2 33 147
3 15 62
2 22 73
2 21 137
3 10 37
2 32 91
3 17 67
3 25 66
2 36 157
2 33 136
2 23 68
2 22 144
2 26 72
2 38 69
2 43 163
2 34 46
2 25 96
3 26 153
2 19 57
3 29 53
3 47 137
2 28 158
3 14 144
3 52 287
2 33 144
2 27 103
2 19 92
3 34 182
2 19 77
3 23 51
2 26 93
3 18 67
3 25 48
3 22 181
3 10 36
2 40 83
2 46 232
0 0 32
0 1 19
1 1 38
0 1 31
0 1 21
0 0 33
0 1 30
0 1 23
1 1 25
0 1 36
0 2 41
0 2 31
0 1 31
0 1 46
0 2 38
1 1 42
0 0 24
0 1 29
0 1 29
1 1 34
1 2 27
1 0 14
0 1 28
0 1 21
1 1 21
1 0 23
0 1 17
0 1 23
0 1 19
0 1 23
0 1 21
0 2 23
0 1 24
0 1 20
0 1 26
0 1 18
0 1 22
0 1 35
1 2 28
0 1 24
0 1 10
0 1 29
0 1 30
1 1 43
0 1 42
0 1 5
0 1 13
1 1 29
1 6 42
0 1 23
34 92 105
36 106 130
37 98 113
43 89 116
36 102 124
42 88 103
37 103 124
36 84 128
37 98 125
34 87 104
38 90 148
35 114 161
37 87 113
41 91 114
36 89 114
41 89 122
34 98 127
37 103 134
37 87 108
41 108 131
38 90 111
37 91 105
55 96 125
36 94 120
36 112 108
32 89 106
36 89 106
37 94 121
36 100 120
33 87 118
40 89 107
38 97 113
38 104 119
35 100 128
35 110 136
37 94 115
45 91 114
33 88 108
41 94 112
33 102 133
36 82 102
35 83 114
54 83 104
37 94 119
35 98 120
35 97 116
45 101 128
36 94 114
36 83 109
36 106 120
Aver:
8.464 27.004 60.976
