D is 6
The point are: 49914 59524 64340 65602 66208 132894 141705 143586 145421 249091 249102 310179 363638 365931 371778 378572 378624 383956 390441 405023 411206 411219 430214 430215 
The edges are: [310179 65602]
[310179 141705]
[310179 64340]
[310179 49914]
[310179 132894]
[310179 66208]
[310179 145421]
[310179 143586]
[310179 59524]
[65602 249091]
[249091 363638]
[141705 378572]
[378572 378624]
[132894 249102]
[249102 365931]
[66208 390441]
[390441 371778]
[145421 411206]
[411206 411219]
[143586 405023]
[405023 383956]
[59524 430214]
[430214 430215]
Query size is: 9
363638 378624 64340 49914 365931 371778 411219 383956 430215 
The sum weight of Tree is: 23
