D is 6
The point are: 62 394 1324 1446 2707 3634 4189 5983 36951 345027 1279676 1701641 1771107 2040996 2168753 2170159 2750686 3336330 4022276 4543200 4761080 5146441 5725382 
The edges are: [2707 5146441]
[2707 3634]
[2707 1279676]
[2707 345027]
[2707 5983]
[2707 1324]
[2707 2040996]
[2707 2168753]
[3634 1446]
[1446 1771107]
[1279676 62]
[62 4022276]
[345027 4189]
[4189 2170159]
[5983 4543200]
[4543200 5725382]
[1324 4761080]
[4761080 1701641]
[2040996 394]
[394 2750686]
[2168753 36951]
[36951 3336330]
Query size is: 8
3336330 4022276 2170159 1771107 2750686 5725382 5146441 1701641 
The sum weight of Tree is: 226.129
