D is 6
The point are: 1448 2185 5339 5694 35298 61252 194662 390864 408839 542223 570411 689681 706527 1255973 1339909 1534899 1550031 1859348 2065163 
The edges are: [1448 1534899]
[1448 689681]
[1448 1255973]
[1448 390864]
[1448 1550031]
[1448 706527]
[1534899 5694]
[5694 408839]
[689681 61252]
[61252 1859348]
[1255973 5339]
[5339 542223]
[390864 194662]
[194662 1339909]
[1550031 2185]
[2185 570411]
[706527 35298]
[35298 2065163]
Query size is: 6
408839 1859348 542223 1339909 570411 2065163 
The sum weight of Tree is: 18
