D is 6
The point are: 49126 49552 50290 51998 52340 61378 66304 132470 142753 149651 310179 379278 379279 380700 508648 508650 508654 694528 
The edges are: [379278 142753]
[379278 379279]
[379278 49126]
[379278 51998]
[142753 310179]
[310179 149651]
[310179 52340]
[379279 694528]
[694528 61378]
[49126 508654]
[49126 508650]
[508654 49552]
[51998 508648]
[508648 66304]
[508648 50290]
[508648 380700]
[508650 132470]
Query size is: 8
149651 61378 52340 49552 66304 50290 132470 380700 
The sum weight of Tree is: 172.238
