D is 6
The point are: 3618 14659 16560 33147 51139 381651 418198 599961 618674 978223 1270945 1491576 1628432 1821460 1990215 3274314 3330306 3552830 4530757 
The edges are: [3618 3274314]
[3618 1270945]
[3618 1990215]
[3618 1491576]
[3618 618674]
[3618 418198]
[3274314 599961]
[599961 4530757]
[1270945 33147]
[33147 3330306]
[1990215 16560]
[16560 1628432]
[1491576 51139]
[51139 1821460]
[618674 381651]
[381651 3552830]
[418198 14659]
[14659 978223]
Query size is: 6
4530757 3330306 1628432 1821460 3552830 978223 
The sum weight of Tree is: 18
