D is 6
The point are: 12 62 494 1654 1726 113800 529637 738858 786645 1214941 1755338 1909116 2102153 2260224 2714613 3270123 3270134 3590460 4205730 5357380 
The edges are: [62 529637]
[62 494]
[62 1909116]
[62 2102153]
[62 786645]
[62 1214941]
[62 1726]
[529637 2260224]
[494 1654]
[1654 4205730]
[1909116 2714613]
[2714613 5357380]
[2102153 113800]
[786645 12]
[12 738858]
[1214941 1755338]
[1755338 3590460]
[1726 3270123]
[3270123 3270134]
Query size is: 7
2260224 4205730 5357380 113800 738858 3590460 3270134 
The sum weight of Tree is: 19
