D is 6
The point are: 47320 47464 47498 53298 55420 127295 131332 135337 139183 144924 310179 371637 372898 375811 377201 377305 386913 402627 444365 505419 
The edges are: [47464 135337]
[47464 375811]
[47464 53298]
[47464 131332]
[47464 55420]
[47464 371637]
[135337 47320]
[47320 386913]
[375811 444365]
[444365 402627]
[53298 47498]
[47498 139183]
[131332 310179]
[310179 144924]
[310179 127295]
[55420 377201]
[377201 377305]
[371637 505419]
[505419 372898]
Query size is: 7
386913 402627 139183 144924 127295 377305 372898 
The sum weight of Tree is: 19
