23 1294 2382
17 17 112
19 73 24
18 357 9912
35 8047 16716
25 404 2521
15 205 5577
30 365 18172
28 478 4883
27 688 10116
27 747 5894
26 725 7436
25 43 5616
25 301 3102
25 49 3603
24 25 41
10 11 678
24 73 952
25 28 4720
25 376 3389
12 135 2326
24 98 1929
11 36 1320
25 45 1236
24 39 512
26 781 8540
24 22 1506
24 24 413
21 10 867
11 34 5857
10 21 3875
24 346 1406
26 44 33506
21 57 7342
21 52 2843
22 505 9946
11 27 2414
21 20 21
12 433 1863
10 233 85
10 18 1017
11 53 2087
22 143 14121
20 20 1093
20 21 932
27 2007 14500
23 35 157
11 12 10
11 120 2388
22 503 4005
21 111 9353
35 2155 18507
26 2552 19706
28 1450 17157
32 2103 32766
20 621 25352
21 269 15732
33 7132 80533
33 2578 24805
20 1106 49188
18 880 15868
19 289 3880
25 327 48806
18 211 6667
19 1472 13458
24 255 12993
25 135 11274
17 18 1055
27 1575 28065
22 993 11245
39 1427 33620
21 329 1903
11 60 1458
67 7263 44429
22 261 15645
32 3886 62888
26 233 21659
27 1488 4804
24 139 12811
10 27 433
18 1076 59
17 258 1200
17 104 9463
19 1006 7437
22 140 12266
18 1609 969
17 26 1072
19 942 5479
21 78 1360
18 21 3979
19 827 4305
17 479 62
17 457 4021
52 936 34078
17 21 2503
18 647 3439
10 12 5291
10 10 71
79 1176 9044
21 108 4313
23 497 3457
20 17 7209
27 150 16481
21 140 3307
21 37 4900
21 181 18983
20 24 4626
22 480 7336
36 110 15025
30 493 33629
24 225 12600
29 361 10065
23 1678 12014
43 4298 28084
21 461 4017
24 1084 6974
21 184 3200
23 202 8651
21 500 4991
22 33 2863
26 1325 16059
21 574 4340
42 2330 72086
22 605 2321
21 86 8610
21 961 4540
21 21 271
21 24 1106
51 2297 11745
23 103 8585
22 1109 3416
17 47 112
24 88 2489
34 898 14153
27 183 6506
24 147 3663
14 88 1900
10 18 20
159 1141 10354
21 21 683
24 66 7147
23 206 15047
21 118 1187
22 526 5209
22 674 17948
37 2367 28396
21 759 21637
26 410 5998
21 323 2846
22 12 2270
25 355 8489
22 1491 29577
10 82 60
19 291 540
24 360 23874
24 1070 23340
44 1471 21798
67 7297 42712
25 41 1307
33 5623 5217
24 26 3128
23 10 10
28 928 4281
28 333 4977
12 11 669
26 99 3706
24 335 345
30 541 7899
25 25 29
24 529 3045
24 44 2577
24 160 20747
24 94 1880
26 30 825
24 339 1501
25 33 4771
25 53 7420
27 595 4753
26 609 7043
24 78 3665
24 42 1240
24 75 10113
27 638 11390
91 600 35497
59 1921 39257
40 3494 18915
24 10 1012
26 3184 28326
25 896 11780
24 11 3565
24 26 3723
94 210 8546
24 43 2205
25 1857 17133
26 1285 32197
27 199 4659
26 685 3567
118 11356 75282
24 900 4913
32 62 19806
25 332 5486
22 2932 31087
47 1775 21181
10 10 52
27 2137 9492
25 248 8980
29 1327 17943
31 307 16039
28 240 26368
25 47 7987
27 704 13637
24 391 7879
24 10 30
24 541 3436
25 47 5560
40 926 3653
25 61 499
27 763 10822
25 115 1493
50 8834 73592
26 779 7957
24 157 4268
24 46 7994
27 1227 18802
35 245 837
27 36 2155
25 427 19209
26 37 2557
26 201 11961
24 290 7523
114 346 3665
90 2772 16231
24 49 2862
25 54 6218
25 456 3489
24 35 2329
25 1535 5015
52 1314 33279
26 374 1220
24 367 13542
24 137 5152
27 805 13750
26 147 17215
32 2043 33478
25 292 3082
43 1427 32029
25 333 4872
24 10 117
24 687 12171
27 725 24009
27 422 28590
26 579 15866
33 1170 40888
25 279 7678
31 3005 37308
25 57 3728
24 10 1307
36 992 21422
24 215 14485
54 3003 45408
25 1097 7975
50 4755 16163
26 1433 14223
25 99 3316
25 1157 11572
24 115 7235
106 5695 70100
24 44 176
26 598 2878
34 766 14900
24 94 16442
24 26 138
24 560 6308
24 26 1154
24 31 1014
41 718 2342
10 10 387
10 10 481
25 31 2499
11 12 4082
25 321 120
26 237 914
24 730 3304
12 81 1263
12 334 57
13 231 620
10 14 1199
10 10 510
82 123 232
24 24 25
53 161 364
14 59 1904
21 47 5334
16 27 1021
10 10 1253
23 1535 3790
11 126 184
14 417 1069
10 21 22
23 115 6568
27 40 282
42 2565 21591
24 257 1164
21 504 3479
10 10 17
131 1590 24754
158 2490 24958
11 244 749
10 23 1421
14 51 687
16 197 979
11 61 60
22 84 12946
25 345 1063
10 20 1703
24 426 2144
24 124 750
22 487 2640
30 29 1813
22 1327 10607
166 707 1288
10 121 4476
22 587 1396
23 254 1948
18 10 512
50 1259 6085
24 32 191
24 1240 4285
22 110 1979
11 199 622
22 125 4624
22 552 8597
21 31 1092
11 324 719
20 10 460
10 83 31
22 13 17
47 1839 8990
21 42 1221
21 112 2491
10 430 1591
20 23 450
21 105 8090
96 213 435
33 521 1266
18 10 1237
22 13 1795
25 170 7301
15 31 130
25 24 25
83 341 2565
35 540 3736
26 599 4148
10 13 1570
10 324 172
13 1117 748
10 10 741
12 385 1369
10 10 1723
14 501 1228
10 10 1639
16 11 1910
21 35 3509
16 421 59
23 92 1773
13 10 1449
11 69 2241
43 3024 7766
47 255 670
12 19 343
10 45 2159
29 77 2250
28 1765 3975
23 542 4666
21 288 2213
21 24 750
24 156 9168
10 11 305
21 202 1670
25 640 6869
23 71 3899
22 83 7490
21 435 2177
10 17 7145
21 21 1947
21 36 4165
21 753 6362
10 12 1504
10 299 342
11 75 9344
24 39 27
21 574 5175
10 455 12198
21 43 1029
22 196 451
23 144 9836
22 97 4106
22 57 5907
20 61 3385
32 75 326
23 224 1988
43 7306 33549
11 11 43
21 45 2427
21 149 661
20 23 622
22 1180 3019
21 120 1393
10 14 389
10 146 3390
22 112 3483
22 291 10325
21 39 4150
23 133 30083
23 895 8282
10 35 921
30 594 10903
24 847 15688
21 87 5269
96 9435 41639
12 795 4693
24 140 6819
21 327 7188
22 541 7124
31 498 5396
22 106 3725
22 123 6490
22 452 1240
21 63 5406
11 132 579
10 72 9532
54 160 54429
34 285 11631
22 429 405
27 25 296
28 888 150
27 84 6563
27 218 2213
Aver:
26.258 647.274 8502.91
