D is 6
The point are: 62 1054 6251 68363 329683 427905 867979 1311143 2251992 2525053 2718691 2826131 2864972 3841269 4175580 4974213 5637760 5719924 
The edges are: [62 2251992]
[62 3841269]
[62 867979]
[62 2826131]
[62 6251]
[62 68363]
[62 1311143]
[62 329683]
[3841269 5719924]
[867979 2525053]
[2826131 4175580]
[6251 4974213]
[68363 5637760]
[1311143 1054]
[1054 2864972]
[329683 427905]
[427905 2718691]
Query size is: 8
4175580 2718691 2864972 5719924 5637760 4974213 2251992 2525053 
The sum weight of Tree is: 189.052
