D is 6
The point are: 3162 12462 25156 26819 41121 84761 463377 808708 942092 1148148 1307767 1741694 1766024 3310884 3577651 4710199 4789581 
The edges are: [3162 4710199]
[3162 1148148]
[3162 1766024]
[3162 1741694]
[3162 4789581]
[3162 1307767]
[4710199 26819]
[26819 84761]
[1148148 463377]
[463377 3310884]
[1766024 41121]
[41121 3577651]
[1741694 12462]
[12462 808708]
[1307767 25156]
[25156 942092]
Query size is: 6
84761 3310884 3577651 808708 4789581 942092 
The sum weight of Tree is: 208.779
