D is 6
The point are: 1446 1462 11215 16506 68974 70230 161898 421269 570432 609775 723392 1464480 1808273 2260427 3241106 5574143 5574144 
The edges are: [11215 1808273]
[11215 3241106]
[11215 70230]
[11215 2260427]
[11215 1464480]
[11215 723392]
[1808273 1462]
[1462 570432]
[3241106 161898]
[161898 609775]
[70230 16506]
[16506 421269]
[2260427 5574143]
[5574143 5574144]
[723392 1446]
[1446 68974]
Query size is: 7
570432 609775 421269 570432 5574144 1464480 68974 
The sum weight of Tree is: 193.038
