24 23271 14645
111 1746 13211
5 264 31
19 10 6
5 7 6
2 3 5
8 46 25
70 614 499
3 2 2
39 25399 40
21 26 6
59 27 45
42 22 72
203 130 36
28 4558 18
36 23 10
3 2 2
51 16 10
2 9 28
7 4 123
3 3 3
2 2 2
29 9 5
174 642 25254
4 399 183
4 3 3
6 2787 625
71 89 6191
118 66 19
155 87 16
3 2 2
30 8352 23
7 4 3
29 16287 13380
2 3 2
27 9 6
32 19 7
209 5536 25
7 5 5
3 3 61
4 4 3
69 30 71
68 1090 762
2 235 330
193 160 307
26 13717 2252
110 8354 16
4 4 168
96 239 160
161 113 136
102 36989 47
4 3 3
2 221 316
3 354 4
5 260 330
47 21242 1902
3 2 2
9 378 832
7 3077 7549
4 269 399
17 236 59
16 8 4
31 31 7
2 3 2
4 2 2
23 12 4
80 12 8
6 23 5
3 2 14
125 51071 19
7 3 3
7 734 1032
35 9 5
10 39 6
7 3915 13
118 44 14
3 3 35
41 465 734
2 13 6
61 23 9
7 1162 39
26 153 6
24 18 42
14 5323 1090
23 11 1973
11 7 4
262 18664 96
3 2 2
158 2858 484
3 3 3
2 3 3
24 67 17
88 1920 263
26 45 10
22 70 54
37 211 23
3 293 3298
2 15 3
22 9 6
10 6 4
134 47752 8407
510 757 62
45 13336 102
182 79 21
21 14555 51814
3 3 3
3 38 7
20 10 8
290 2594 13371
25 3894 20
2 2 2
2 2 2
49 492 1004
736 1647 439
39 20 9
15 464 385
9 1272 368
122 50 292
156 104 6457
156 28777 29
16 12353 11709
14 7 3
5 3 4
260 1640 419
43 305 772
39 13 8
122 1298 305
3 2 3
9 359 8
14 5182 1250
27 1103 2568
177 50715 238
157 15481 1358
5 3 5
2 2 3
3 3 3
84 25416 2443
661 45651 664
24 735 1529
16 3365 29701
4 4 2
7 651 3
106 50818 3986
124 45 50000
251 1377 8313
13 2069 1826
131 1144 30395
28 18 7
3 3 2
532 792 85
21 743 9
2 2 2
127 107 70
2 3 2
161 1725 36
97 575 1555
136 32 248
17 11 7
3 395 59
65 16 5
149 178 568
1421 367 430
9 3062 3440
81 26 638
2 2 2
114 23706 10
42 26 4240
895 11086 6848
32 12 2368
63 41943 2746
58 15017 2641
30 16049 29
7 5375 2425
3 3 3
258 50865 3096
2 2 2
73 16038 50175
10 3582 4599
128 38 16759
52 12638 7503
26 419 682
255 50423 749
3 2269 4295
511 2897 8473
142 52 22
250 53 26
324 5776 77
903 9746 1245
62 15799 6560
38 43 37
7 5305 1179
295 796 667
209 50034 16036
26 24835 51078
391 50022 8658
412 803 50637
128 41982 687
164 1389 1040
455 50468 4708
331 3323 50014
Aver:
91.64 5605.89 3237.12
