D is 6
The point are: 48434 55982 56076 64626 65672 65708 68702 132792 148537 176134 310179 310218 379948 379949 387433 494453 508882 
The edges are: [310179 56076]
[310179 64626]
[310179 68702]
[310179 148537]
[310179 176134]
[310179 48434]
[310179 65672]
[310179 132792]
[310179 65708]
[48434 494453]
[65672 310218]
[310218 55982]
[132792 379948]
[379948 379949]
[65708 508882]
[508882 387433]
Query size is: 9
148537 64626 494453 56076 55982 379949 176134 387433 68702 
The sum weight of Tree is: 16
