3 4 6
6 7 92
3 3 20
2 16 77
3 8 118
2 5 95
3 6 52
6 3 17
2 8 52
3 5 14
2 24 219
3 10 39
3 7 35
2 4 24
2 7 21
5 4 33
3 6 18
3 5 44
3 9 36
2 5 81
3 6 61
3 7 131
2 4 42
3 4 67
3 4 15
2 6 17
18 4 16
3 5 7
2 3 10
3 3 8
3 5 18
3 3 10
2 7 86
3 7 67
3 3 7
2 7 78
3 6 44
3 3 3
3 3 6
3 7 58
3 6 14
3 5 11
3 4 7
3 14 146
3 5 10
2 9 13
2 9 39
3 4 17
4 4 7
3 5 44
3 8 733
3 26 586
4 45 528
3 22 359
4 21 441
3 43 353
5 19 348
4 28 293
6 17 233
3 16 238
3 18 199
3 23 270
4 19 320
3 12 310
5 8 27
3 19 269
3 17 210
4 11 189
4 25 189
4 27 181
3 16 200
3 12 245
3 21 215
4 15 228
4 22 242
4 17 106
5 15 137
4 17 217
4 15 265
3 14 256
3 21 177
3 16 249
4 26 397
4 15 143
3 17 230
4 16 153
4 14 240
3 11 192
3 19 169
4 10 237
3 29 179
3 23 215
3 26 293
3 10 327
3 25 213
4 12 252
3 24 326
3 18 348
4 15 169
4 12 162
5 33 986
4 30 696
6 27 889
5 30 1107
5 32 413
4 22 850
5 28 608
6 37 489
5 28 755
4 35 644
4 27 606
5 31 726
4 44 787
7 40 616
5 35 1075
6 31 452
5 42 694
5 21 768
5 25 606
6 21 1039
5 44 1065
5 48 653
4 32 972
5 21 774
6 43 615
4 33 566
4 22 698
4 33 841
5 34 890
7 43 602
4 27 961
4 43 795
5 22 691
7 24 723
4 20 788
4 55 720
4 25 867
4 22 919
5 30 505
4 24 747
4 22 831
4 20 396
6 26 1082
4 37 807
6 29 1085
4 27 934
4 33 677
5 22 956
5 29 741
4 41 384
2 4 194
2 3 92
2 3 164
4 4 18
2 7 105
2 4 87
2 3 224
2 4 125
2 4 205
3 2 96
2 4 102
2 3 173
3 6 333
5 7 276
3 5 126
8 5 83
3 3 219
3 5 200
3 4 192
3 4 30
4 5 220
45 8 235
12 6 177
12 38 134
6 8 202
24 11 95
40 48 138
6 5 100
3 3 87
7 5 251
3 3 152
3 10 97
3 4 175
3 3 45
3 3 85
3 3 129
3 4 76
3 4 108
3 4 261
3 4 153
3 4 179
3 3 156
2 3 168
9 6 104
8 23 149
3 3 108
2 3 188
2 3 172
3 48 62
4 5 192
48 325 505
44 270 348
53 251 330
53 311 416
43 291 439
48 242 307
44 296 397
58 229 313
45 250 419
47 236 328
51 309 423
51 295 548
49 338 766
46 229 326
52 240 329
53 288 474
59 272 471
54 306 432
53 290 527
55 251 397
40 243 344
51 227 277
48 247 328
45 287 503
44 272 371
49 253 317
46 275 503
45 246 314
45 241 325
44 224 305
42 304 505
50 303 578
48 253 392
52 293 442
44 265 476
51 330 453
55 235 362
46 306 354
51 330 472
47 218 308
55 248 363
44 314 413
52 249 341
44 284 412
44 265 375
43 297 358
46 253 441
52 288 383
53 259 311
47 240 302
Aver:
13.18 66.948 323.464
