D is 6
The point are: 1446 1462 2282 11215 68974 161898 421269 570432 609775 1464480 1753579 2260427 3241106 3736368 5341327 5574143 5574144 
The edges are: [11215 3736368]
[11215 3241106]
[11215 1753579]
[11215 2260427]
[11215 1464480]
[11215 5341327]
[3736368 1462]
[1462 570432]
[3241106 161898]
[161898 609775]
[1753579 2282]
[2282 421269]
[2260427 5574143]
[5574143 5574144]
[5341327 1446]
[1446 68974]
Query size is: 7
570432 609775 421269 570432 5574144 1464480 68974 
The sum weight of Tree is: 16
