3 3 3
3 3 4
3 2 4
3 4 4
3 3 5
3 3 3
2 3 3
3 3 3
2 3 5
2 3 4
3 3 4
2 3 3
3 4 3
3 3 4
3 4 5
3 3 3
3 3 3
3 4 7
2 4 3
2 3 5
3 4 4
3 4 5
3 3 4
2 3 3
2 3 4
2 3 3
3 2 3
4 2 4
2 2 2
3 3 4
3 3 8
3 2 5
3 3 3
3 3 5
3 4 4
2 4 6
3 3 4
3 2 2
3 2 4
3 4 4
3 3 4
3 4 3
2 3 3
3 4 5
3 3 5
2 4 4
2 4 5
2 3 3
3 3 6
2 3 4
3 4 20
3 8 22
3 9 32
3 10 21
3 17 20
3 12 42
3 9 55
3 16 23
2 6 30
3 7 25
4 10 18
3 9 29
8 6 22
7 6 12
2 4 9
3 8 43
4 12 40
4 13 42
3 8 32
3 9 22
3 8 40
4 7 29
4 11 31
3 6 50
3 7 21
3 10 30
4 6 22
3 14 45
3 8 39
4 6 36
4 11 52
3 12 33
3 20 33
3 6 21
3 12 59
3 7 18
4 5 34
4 6 24
3 11 25
4 6 46
3 10 23
4 8 45
3 8 32
4 7 25
4 13 37
3 6 27
2 10 34
3 8 24
2 6 23
3 5 21
4 26 165
4 10 77
3 11 44
3 22 70
4 23 47
4 31 65
3 8 44
5 11 42
3 10 203
3 20 49
4 16 55
5 18 101
3 19 54
4 30 46
3 15 52
3 15 43
4 15 89
4 9 64
5 8 73
5 7 78
5 13 46
6 28 113
3 26 76
4 9 125
4 13 43
4 10 43
5 8 45
3 23 99
4 10 38
5 28 42
3 26 104
4 13 118
4 18 100
4 10 60
4 12 64
4 11 137
5 8 179
4 7 153
4 31 71
4 11 156
4 9 79
4 8 44
4 17 44
5 16 41
4 14 134
4 8 59
4 11 142
3 7 42
4 10 64
4 10 59
2 3 37
3 3 28
3 4 33
4 4 6
3 2 38
2 4 30
3 3 32
3 3 22
2 3 49
3 2 17
2 4 26
3 3 28
4 3 60
3 3 46
3 5 29
4 3 26
3 4 42
4 3 32
3 4 59
2 4 8
3 3 49
2 4 57
4 3 30
2 4 34
2 4 35
2 3 21
2 4 29
2 3 18
3 6 17
2 2 45
3 3 48
4 2 21
2 3 29
2 3 11
3 3 17
2 5 22
3 4 33
3 3 35
3 3 40
2 3 41
3 3 43
3 4 37
2 4 47
3 4 40
2 4 37
2 4 18
2 2 35
3 3 44
3 2 8
2 4 30
12 35 51
14 33 53
12 17 21
10 26 38
12 33 49
10 16 22
14 34 48
11 15 23
12 34 53
10 18 23
13 32 49
13 34 54
10 37 58
10 24 36
13 21 29
11 31 51
11 35 51
9 32 53
11 31 53
9 32 49
12 31 51
9 22 23
12 32 52
10 29 49
12 32 51
11 35 51
12 21 49
13 30 54
14 35 57
10 15 25
14 35 56
9 33 54
11 19 26
13 40 57
13 33 56
12 30 53
11 35 49
16 33 54
10 35 59
12 34 51
12 17 23
12 31 53
13 35 55
12 32 47
11 33 46
13 34 48
11 27 65
10 19 40
11 28 49
10 27 49
Aver:
4.864 11.92 38.62
