D is 6
The point are: 73 621 740 2516 3453 4883 71375 161898 170064 418243 609775 666063 1011667 1285198 1997655 2044398 2491597 2582194 2995253 3153819 3399926 3562626 4153591 4872927 5414598 
The edges are: [3453 2516]
[3453 2582194]
[3453 2491597]
[3453 5414598]
[3453 4872927]
[3453 418243]
[3453 2995253]
[3453 4883]
[2516 2044398]
[2044398 1997655]
[2582194 161898]
[161898 609775]
[2491597 740]
[740 1011667]
[5414598 1285198]
[1285198 71375]
[4872927 73]
[73 3153819]
[418243 666063]
[666063 3399926]
[2995253 621]
[621 3562626]
[4883 170064]
[170064 4153591]
Query size is: 8
1997655 609775 1011667 71375 3153819 3399926 3562626 4153591 
The sum weight of Tree is: 270.01
