D is 6
The point are: 846 3453 6866 7706 7837 13287 80000 136392 393766 609667 799084 825915 934119 977054 1022241 1894885 2129405 2437775 3271282 3411774 3411776 3809517 4228058 
The edges are: [7706 3453]
[7706 393766]
[7706 136392]
[7706 934119]
[7706 1022241]
[7706 7837]
[7706 13287]
[7706 609667]
[3453 4228058]
[393766 846]
[846 3271282]
[136392 3411774]
[3411774 3411776]
[934119 6866]
[6866 799084]
[1022241 3809517]
[3809517 2437775]
[7837 1894885]
[1894885 825915]
[13287 977054]
[609667 80000]
[80000 2129405]
Query size is: 8
4228058 3271282 3411776 799084 2437775 825915 977054 2129405 
The sum weight of Tree is: 251.31
