D is 6
The point are: 478 2498 13066 13610 14228 25156 34622 556317 837178 934325 1095734 1209047 1258613 1606675 1998615 2019956 2061874 2234389 3155980 
The edges are: [478 2234389]
[478 2019956]
[478 3155980]
[478 1209047]
[478 934325]
[478 2061874]
[2234389 13610]
[13610 1606675]
[2019956 13066]
[13066 837178]
[3155980 14228]
[14228 556317]
[1209047 2498]
[2498 1258613]
[934325 25156]
[25156 1095734]
[2061874 34622]
[34622 1998615]
Query size is: 6
1606675 837178 556317 1258613 1095734 1998615 
The sum weight of Tree is: 237.256
