D is 6
The point are: 1478 5246 6927 8436 18681 22464 22512 31431 33105 104528 166531 471309 545048 574426 577318 1860866 1995557 2720158 3103599 
The edges are: [1478 166531]
[1478 574426]
[1478 33105]
[1478 104528]
[1478 577318]
[1478 31431]
[166531 18681]
[18681 2720158]
[574426 5246]
[5246 545048]
[33105 22512]
[22512 1995557]
[104528 8436]
[8436 471309]
[577318 6927]
[6927 3103599]
[31431 22464]
[22464 1860866]
Query size is: 6
2720158 545048 1995557 471309 3103599 1860866 
The sum weight of Tree is: 225.898
