4 2 5
3 3 4
7 3 4
3 4 4
3 3 3
2 3 3
3 3 3
3 3 4
6 3 5
3 3 4
3 4 4
9 3 3
7 3 3
3 3 4
3 3 4
3 4 4
2 3 4
2 3 3
2 3 3
2 3 4
3 4 3
2 4 4
2 3 4
3 3 4
3 3 3
3 3 2
2 3 3
2 2 3
3 3 3
2 2 4
2 3 4
2 3 5
2 3 4
2 4 4
2 3 3
2 3 4
3 3 4
3 3 2
3 2 3
3 4 5
2 3 4
2 3 3
2 2 3
3 4 5
2 3 3
3 3 4
3 4 5
3 3 4
2 2 3
2 4 3
4 3 10
3 8 23
3 9 30
3 10 24
3 10 23
3 10 33
2 8 26
3 9 18
3 6 27
3 7 25
4 8 23
3 9 24
3 7 17
3 8 13
3 4 9
3 6 24
3 7 24
3 5 25
3 8 28
2 8 28
3 8 25
3 6 31
3 8 24
3 6 22
3 7 25
3 9 26
3 7 27
3 7 23
3 6 22
2 6 27
3 10 28
3 9 26
3 9 24
2 6 23
3 7 25
3 6 17
2 5 24
3 6 23
3 8 27
3 6 25
3 8 22
3 7 22
3 8 25
3 6 25
3 10 30
3 7 24
3 9 24
2 7 25
3 7 23
3 6 24
4 10 58
4 11 53
3 11 47
4 12 54
4 11 48
3 12 45
3 8 44
4 12 57
3 19 49
4 12 47
3 9 49
4 13 66
4 12 54
4 12 50
4 11 48
3 11 47
4 12 54
4 9 55
4 9 56
3 8 59
4 11 57
4 13 52
3 11 49
4 9 64
3 13 42
3 11 53
3 8 54
4 13 53
3 10 47
4 14 62
3 10 51
3 13 62
4 10 47
3 10 48
3 10 50
4 11 79
3 8 48
3 8 54
4 14 46
4 11 60
4 9 41
3 9 57
4 9 48
4 14 46
4 9 68
4 9 55
3 13 46
11 9 53
4 10 68
4 10 47
2 3 26
2 3 18
2 4 31
3 3 8
2 2 10
2 4 13
2 4 36
2 3 30
2 3 47
3 2 18
2 3 16
2 3 38
2 4 44
2 3 56
2 2 29
2 2 27
2 4 24
3 3 32
2 3 28
2 3 6
2 3 32
2 3 54
2 3 33
3 3 19
2 4 44
3 3 22
2 3 32
2 3 50
3 3 15
13 3 59
8 2 32
3 3 21
2 3 30
2 2 14
2 3 16
2 3 63
2 3 14
2 3 25
3 3 30
3 4 51
6 2 37
8 3 36
2 3 33
5 3 22
3 4 26
2 5 20
2 3 38
2 5 30
3 2 13
2 3 40
22 28 44
11 22 33
10 20 29
10 23 35
12 29 50
10 20 33
10 21 32
11 19 29
12 32 47
11 20 27
11 24 40
11 23 46
10 27 53
11 21 32
12 20 28
11 25 45
11 24 43
11 27 46
11 22 37
10 23 41
10 27 43
10 20 29
10 21 46
11 23 38
11 27 46
11 27 45
11 22 37
12 25 42
10 25 45
10 18 26
12 28 46
10 22 31
10 19 28
10 21 29
11 21 45
10 25 39
11 22 40
11 28 48
11 22 44
11 20 38
10 20 28
13 28 44
11 25 44
10 35 48
11 22 31
11 30 49
10 24 40
11 21 33
11 21 32
10 21 40
Aver:
4.676 9.592 29.816
