D is 6
The point are: 846 1243 1483 2897 18945 49681 92121 125384 151970 187561 232475 476235 659773 780080 780081 780083 822217 970260 1419471 4970957 5666177 5683381 5712945 5715667 5715669 
The edges are: [1483 49681]
[1483 4970957]
[1483 5666177]
[1483 659773]
[1483 970260]
[1483 232475]
[1483 5712945]
[1483 780083]
[49681 5715667]
[5715667 5715669]
[4970957 125384]
[125384 1419471]
[5666177 846]
[846 5683381]
[659773 18945]
[18945 822217]
[970260 92121]
[92121 187561]
[232475 1243]
[1243 151970]
[5712945 2897]
[2897 476235]
[780083 780080]
[780080 780081]
Query size is: 8
5715669 1419471 5683381 822217 187561 151970 476235 780081 
The sum weight of Tree is: 244.775
