D is 6
The point are: 2900 3042 6048 8732 17467 27035 29163 273169 442353 454733 795864 1239982 1253383 1313028 1414955 1741366 1933087 1934395 2290128 
The edges are: [2900 442353]
[2900 795864]
[2900 1239982]
[2900 3042]
[2900 2290128]
[2900 454733]
[442353 8732]
[8732 1741366]
[795864 6048]
[6048 1253383]
[1239982 29163]
[29163 1934395]
[3042 273169]
[273169 1313028]
[2290128 17467]
[17467 1414955]
[454733 27035]
[27035 1933087]
Query size is: 6
1741366 1253383 1934395 1313028 1414955 1933087 
The sum weight of Tree is: 231.459
