17 9 16
8 27 45
18 37 417
9 44 515
9 26 113
9 10 18
9 47 507
9 10 11
9 11 89
9 27 68
9 35 375
9 9 82
14 51 579
8 22 228
14 41 312
9 10 19
15 34 571
9 28 291
14 20 111
17 12 68
9 13 134
14 20 221
8 16 78
14 12 64
16 32 256
8 16 138
9 10 57
14 13 10
8 28 168
13 58 384
9 9 10
8 10 28
9 9 10
8 27 210
16 9 13
9 19 148
8 15 54
9 52 381
8 14 82
12 14 84
8 10 11
9 27 225
14 12 118
9 45 339
12 25 159
9 10 23
8 12 62
9 11 12
9 18 105
8 12 23
20 238 1636
18 99 1312
15 154 2097
21 128 1075
15 139 1216
15 83 1664
16 121 937
15 134 885
19 50 823
15 93 706
15 68 642
15 62 862
15 60 613
15 79 813
15 71 812
19 67 756
15 64 501
15 49 619
15 139 494
15 93 398
15 89 820
15 95 469
16 143 759
15 58 350
15 102 395
15 46 336
15 105 488
15 91 765
15 38 577
15 55 928
15 78 463
16 84 689
15 119 578
15 128 575
15 62 494
15 67 395
15 42 805
15 56 424
19 74 1004
15 64 707
15 110 665
15 45 740
17 48 435
15 86 312
15 47 707
15 61 302
15 82 677
15 68 324
15 55 286
15 53 224
22 104 1148
19 734 1229
16 291 725
19 94 1212
19 245 3263
16 278 1559
16 131 1543
16 69 3231
16 226 2424
16 356 1220
16 101 2925
16 83 1245
16 305 992
16 361 810
16 484 1185
20 127 1074
16 263 1450
16 41 544
17 400 2061
16 81 823
16 114 2654
16 88 7484
17 205 2213
16 505 1450
17 554 3901
18 163 725
16 542 3754
16 95 1473
17 794 804
16 236 1168
19 597 4728
17 659 2540
20 510 1438
17 85 2207
19 588 2614
16 572 4449
20 184 469
16 139 2147
16 217 1620
17 647 5500
16 196 1693
16 84 2495
16 138 3380
16 127 788
16 162 1702
16 630 4188
16 474 1310
16 154 1151
16 262 808
19 149 1021
14 14 1910
17 14 1338
15 14 1897
14 18 1130
14 15 115
14 14 2179
14 15 806
14 14 1821
14 18 2426
14 18 35
18 15 1252
14 17 2257
14 19 589
15 16 408
14 14 1705
14 16 1056
14 15 1444
14 14 332
14 15 1902
18 16 881
14 14 1339
14 21 932
14 14 1505
14 16 1946
14 15 3009
14 14 1606
14 16 1874
14 14 1478
18 15 1461
14 16 739
14 16 1855
14 20 245
14 18 741
14 16 1678
14 18 667
14 17 1979
14 16 2048
15 14 1341
14 19 2052
18 14 186
14 16 1772
14 14 1464
13 17 1726
14 24 182
14 18 1136
14 14 810
14 14 1993
14 14 67
18 14 1796
14 14 1561
60 812 1979
71 722 2302
65 841 2747
74 765 2679
66 789 2384
64 737 2024
69 790 2315
66 967 2243
65 787 1998
65 774 2311
65 776 1982
64 909 2408
65 746 2320
75 693 2234
64 733 1915
70 850 2239
65 687 738
64 647 1605
66 892 2283
65 846 1864
65 778 2066
64 727 838
71 352 481
71 865 2286
65 700 1769
64 760 1871
64 596 1818
66 671 1886
65 687 1762
64 622 1793
66 382 682
66 740 1825
64 701 1972
66 574 1522
64 729 1788
66 587 1713
65 625 1547
65 597 1725
66 568 1372
73 675 1541
65 742 1430
65 587 1516
65 699 642
65 752 1456
67 682 1465
65 609 1290
68 634 1565
65 640 1384
69 605 1452
66 624 1501
Aver:
24.748 224.16 1205.33
