D is 6
The point are: 1419 2724 5470 9633 11518 23072 25735 82510 85253 96742 101587 529514 1017630 1096402 1475460 1489558 2081429 2334755 3621078 
The edges are: [11518 82510]
[11518 101587]
[11518 1096402]
[11518 96742]
[11518 529514]
[11518 1475460]
[82510 23072]
[23072 1017630]
[101587 1419]
[1419 85253]
[1096402 9633]
[9633 2334755]
[96742 2724]
[2724 1489558]
[529514 25735]
[25735 2081429]
[1475460 5470]
[5470 3621078]
Query size is: 6
1017630 85253 2334755 1489558 2081429 3621078 
The sum weight of Tree is: 245.608
