D is 6
The point are: 54586 65600 65602 65704 121866 150992 249091 310179 356457 356458 370928 384580 384999 455106 496228 496229 508365 509153 
The edges are: [310179 150992]
[310179 65600]
[310179 65602]
[310179 65704]
[310179 54586]
[310179 121866]
[150992 496228]
[496228 496229]
[65600 384999]
[384999 370928]
[65602 249091]
[249091 508365]
[65704 509153]
[509153 384580]
[54586 356457]
[356457 356458]
[121866 455106]
Query size is: 7
496229 370928 508365 508365 384580 356458 455106 
The sum weight of Tree is: 17
