D is 6
The point are: 47476 47746 49872 54798 57470 61746 65602 131488 131627 135860 310179 310196 361479 361512 361939 366748 384535 411593 411598 486713 489744 695708 
The edges are: [47476 131627]
[47476 361512]
[47476 131488]
[47476 135860]
[47476 65602]
[47476 49872]
[47476 47746]
[131627 411593]
[411593 411598]
[361512 486713]
[486713 361479]
[131488 489744]
[489744 361939]
[135860 310196]
[310196 54798]
[65602 310179]
[310179 57470]
[49872 384535]
[384535 366748]
[47746 695708]
[695708 61746]
Query size is: 7
411598 361479 361939 54798 57470 366748 61746 
The sum weight of Tree is: 211.57
