D is 6
The point are: 62 453 676 1197 2885 24655 40740 58064 80317 529637 1153939 1324462 1551922 1570999 2260224 2754383 2833586 3514245 3744078 4713087 5550542 
The edges are: [62 3744078]
[62 453]
[62 4713087]
[62 529637]
[62 1324462]
[62 58064]
[62 1153939]
[3744078 24655]
[24655 2833586]
[453 3514245]
[3514245 40740]
[4713087 676]
[676 2754383]
[529637 2260224]
[1324462 2885]
[2885 1551922]
[58064 80317]
[80317 1570999]
[1153939 1197]
[1197 5550542]
Query size is: 7
2833586 40740 2754383 2260224 1551922 1570999 5550542 
The sum weight of Tree is: 199.292
