46 187 80
49 816 77
44 547 101
47 28 223
43 16 194
40 23 77
44 20 227
47 20 77
49 26 281
41 20 218
44 21 77
45 126 5
119 18 88
45 17 77
49 237 4
50 491 28
44 26 234
42 163 227
46 250 114
41 18 79
39 188 100
50 21 216
43 120 91
50 357 83
46 987 83
46 390 81
45 18 77
42 166 99
51 19 78
44 186 464
44 134 93
43 18 127
120 46 102
52 858 124
47 194 77
48 21 199
118 745 87
52 468 78
46 1333 77
48 387 78
44 369 239
45 25 199
49 14 77
43 270 207
46 22 78
43 1335 244
48 862 78
49 159 95
54 832 77
46 19 196
197 3345 103
190 691 470
958 9095 114
194 6424 1398
194 166 422
194 1245 116
198 642 432
209 1541 103
190 186 443
191 2321 162
211 11685 187
200 1404 136
190 1620 851
218 1783 106
214 469 126
210 959 459
190 8197 1397
208 2658 116
209 1350 142
201 1248 352
225 3781 125
183 126 524
191 5774 348
205 6616 158
201 1576 468
541 1363 90
211 142 394
193 2996 170
231 1909 148
193 1732 153
296 144 91
181 857 585
204 555 92
223 2146 431
179 5662 86
192 844 135
204 112 530
188 1928 811
214 143 767
186 3113 447
207 4441 87
209 3496 92
1414 1056 107
206 1785 103
193 142 1229
205 127 1004
196 1744 157
187 127 426
1103 604 491
182 7207 816
457 18411 170
522 51021 92
453 51530 186
462 187 673
1102 6743 1726
464 9702 260
467 50506 120
497 51486 202
437 18731 652
495 16389 823
416 17804 238
443 9933 1316
477 9681 766
475 17929 158
435 51301 597
457 4227 146
458 12187 100
1198 2196 170
465 50559 830
442 50010 595
476 220 691
458 20379 145
443 31296 684
481 39873 588
486 50607 812
451 1907 180
428 50983 644
497 6745 156
613 52298 1575
456 36573 1632
484 34150 527
467 50008 149
517 8445 591
434 29019 684
440 50189 625
463 50335 198
2838 2838 107
389 1662 102
1866 14948 142
486 51528 635
453 51262 668
458 37730 227
471 26525 712
1481 945 446
512 50245 209
465 51325 674
448 736 777
452 10852 504
481 51363 87
2266 2177 1620
8 727 109
6 448 99
5 645 180
4 66 298
70 1995 108
7 700 303
4 323 161
5 554 225
5 1373 101
81 1472 201
7 68 125
7 1112 202
7 476 353
5 1616 222
7 585 128
7 146 175
7 183 144
4 543 103
8 980 207
5 960 168
4 337 145
6 1299 227
4 265 122
6 954 166
68 881 207
7 770 131
6 1203 173
7 487 472
4 378 225
5 137 206
7 518 243
7 796 195
8 979 152
4 389 124
7 1664 188
8 1340 274
9 1086 99
6 337 314
6 1608 173
7 1129 154
5 567 210
7 119 200
7 739 212
5 1094 190
6 1518 83
6 782 247
9 675 101
6 1462 106
6 994 106
6 514 236
19199 4738 140
34688 10827 137
32503 745 109
37536 1517 124
44862 10154 122
21377 6415 118
50718 632 255
35469 635 193
18003 2932 189
63041 637 194
34928 8453 194
29170 688 192
16980 891 189
24116 556 183
21053 4858 302
30407 817 243
19147 753 222
18420 4745 186
17982 3058 194
17692 4716 259
18381 4159 216
18583 710 162
49223 5927 180
17916 5536 153
30375 8518 194
17432 686 185
17127 686 182
17477 631 190
16741 652 158
17638 12267 185
18445 924 430
32479 6826 181
17043 20821 187
17277 4342 210
17166 11996 196
34423 799 2028
17595 530 181
38086 3144 194
36449 682 188
21283 616 157
17067 753 282
47330 680 184
27935 771 181
29673 703 155
35841 642 180
17137 10688 186
39791 837 448
34548 11194 176
30452 13983 179
24964 875 465
Aver:
5643.13 6963.78 291.736
