229 2735 367
115 116 120
6 262 108
37 624 168
2841 52690 491
80 3907 313
373 11702 31
1478 15511 790
1583 123 165
2764 309 206
9213 907 287
57 5980 214
26 32828 171
46 1470 189
44 4482 248
13 132 193
3 7 24
3 287 1925
90 15831 2081
85 152 1514
12 586 34
23 54 100
17 173 193
8 157 152
4 1034 352
1005 29664 4157
10 330 820
196 156 439
14 35 412
127 26 144
16 156 1821
50 2644 6
1898 51941 4947
33 55249 2776
16 1468 3805
376 293 201
15 203 100
9 153 176
15 2507 3
11 95 50
3 121 79
9 224 30
54 50138 1458
14 149 285
19 7001 1314
1102 6854 413
209 171 176
22 3 2
128 139 396
118 7274 246
18 16621 11355
2592 117355 2627
317 46225 39
2025 52301 304
1417 56936 433
526 51750 3148
2430 2293 321
1631 58432 50012
7175 62436 488
18361 51025 4054
1789 452 24169
708 295 2577
1374 157939 50046
42 50347 492
316 57696 218
604 51625 196
5077 311 3497
8 1431 439
910 19995 3610
99 603 3794
8198 6959 3704
38 888 2665
28 16 12
210713 53322 751
402 51554 2176
1828 58367 10807
8512 1375 67
321 422 9329
1335 58869 8046
8 42 251
96 146 621
17 3412 147
55 1834 900
79 50474 1132
833 50260 10202
347 2100 329
19 104 113
585 120589 2815
32 1942 1044
109 10363 345
725 3242 199
26 153 168
31 24200 3206
7208 7207 688
38 26012 2194
162 177 1695
31 706 2160
18 5 28
26593 1717 1113
30 16862 1208
9 51076 1082
18 17332 1890
1075 5876 2440
20 233 990
3 2818 457
28 52918 316
186 6931 255
69 24726 1497
4790 16185 491
1634 71504 3076
16156 53568 2163
1631 424 259
267 155 1105
10766 57458 1037
197 51456 566
34 50392 3292
55 211 2426
61 1325 1085
29 162 2581
63 153 46359
275 5452 315
34 51298 2351
5406 50896 6958
44 194 610
7 20038 417
56 490 2154
9 131 714
3 7 385
8234 51815 1151
75 51916 184
71 229 185
19 231 137
219 274 272
2102 16851 4670
1517 52523 11075
99 8332 165
321 64 125
28 6 100
68790 55075 393
9 934 153
136 50659 391
361 51138 309
179 1480 446
121 2128 321
68 53560 360
5075 63443 1242
13 25011 28814
680 82523 438
16 2819 197
92 1935 78
191 235 1729
1707 50532 971
9 7 10
33 12 137
1238 52099 471
774 83340 2610
28704 54227 215
8841 55510 2066
32 6904 2340
3604 72987 820
15 1078 3523
13 3 3
706 2884 186
170 137 909
18 26 207
288 12409 196
7 3621 289
830 5024 7143
30 133 129
31 53143 764
26 1412 753
29 33800 2658
17 10836 1154
268 113 1722
21 12392 1481
81 15132 1388
26 52084 147
1405 383 1108
117 14477 242
41 17819 1001
10 307 5469
13 50368 1503
574 51798 50100
12150 115325 1155
4813 127207 50001
3429 8565 1187
24 146 340
208 57253 378
55 50289 182
9 7 892
42 158 2390
75480 50178 263
14 761 323
145 62202 2121
681 56144 1037
10223 6239 286
653 6622 1506
20498 55717 1086
22 50289 157
2029 508 1746
21 5017 380
1155 54891 1454
5624 30249 1502
3 3 74
421 1465 1399
179 54007 8266
915 131979 50943
1523 4836 1506
32716 51527 6737
27 15 524
186 52113 760
52 50767 248
204 7 41
6 3645 1191
76 4522 283
26902 496 292
188 1017 1098
692 52005 218
32 7642 256
5374 51139 1250
233 50866 1928
19 11056 2004
27 51506 658
17558 59238 4120
3258 2700 418
386 14354 1699
180 51178 3606
10 864 302
212 122140 24995
13 13093 9057
83452 1732 563
21574 29547 377
70 170 949
215 28868 2658
74 227 214
23 1157 648
261 190 22
6954 12537 421
64 121 541
99 50027 545
21 27849 1126
408 55602 888
914 51458 2346
1777 58241 166
48 172 280
4390 4068 261
46 644 55
34 4 154
19 29083 429
218 57229 846
217 53088 3519
207 50850 1150
2414 50538 530
53 17053 1047
3281 52324 11348
3111 757 195
20 320 162
3537 53500 458
32 51706 82
5883 50261 1979
173 6034 15
7447 321 1342
1274 879 6310
77 75448 243
385 202 382
28 1730 857
30346 61361 1496
7 1435 655
18 4899 630
3129 54957 333
100 50146 1159
40 882 104
27 33773 1481
21 25857 221
42 436 193
3199 145 87
8 3 50
11 24 577
29 99 14
66 4179 1488
293 51 25
1394 27 19
70 175 215
361 1005 573
307 73 11
501 62 22
10 424 443
3 8 3
7668 243 171
6 150 149
17192 928 581
244 128 377
11 6469 177
24 1531 1457
23 154 614
2450 79 164
80 1563 227
356 31 22
15 151 170
42 2618 190
1971 83 56
7545 360 306
22 254 157
1815 346 280
6 5 29
37297 13999 1909
36034 5495 7483
27 10 1188
97 1536 71
603 321 25
3299 17432 100
8 142 184
81 50582 910
403 24 16
18 771 630
1287 4814 46
352 6024 613
67 4973 2348
2845 1874 1628
614 11376 3639
27509 1295 1300
25 708 159
145 133 153
438 1087 18
38 1379 6
4034 375 303
332 190 910
680 2337 1031
543 623 207
40 6 135
166 405 270
266 51052 5868
23 86 64
11 1806 4
17 232 245
21 10 4
163 13 7
2829 351 115
29 1377 380
16 2253 169
48 215 1057
12 264 258
22 8031 357
22949 1607 871
314 38 25
11 1779 284
22 71 1104
74 51555 409
937 43 29
91 157 193
32367 1260 435
5509 776 773
3096 202 197
11 1884 264
62 23 109
514 32 126
13 966 61
27 163 46
4 356 119
40 1079 9
19 3 555
4 312 408
3 464 315
354 1537 13
646 13188 194
11 277 10
157 14 60
7637 11263 358
15032 1423 686
17 54 50
9 3759 55
314 208 1917
1940 152 932
843 287 3576
12 3097 314
16 1153 506
327 5838 194
22 3 5
44 743 3564
1778 13001 2781
21 16867 394
52 52848 540
25 153 188
20 17042 1897
6 136 2969
19 2029 1662
63 162 985
14 338 277
9 5136 187
3 9436 181
25 158 155
34 15958 2129
46 13849 3775
20 19476 166
155 4192 203
1481 636 1986
91 5157 501
69 8101 1163
22 146 240
1687 218 206
42 175 137
6408 67888 50689
31 6 254
12 168 174
189 807 292
189 158 1148
62 13402 358
11 199 978
23 122 85
85 764 204
78 1624 231
124 52962 1250
39 300 558
401 50908 13163
438 16436 300
14 587 269
5254 59967 5940
67 74221 6193
23 3711 397
138516 1749 6509
62 51393 249
93 680 1989
13 6863 2454
50 62314 493
1836 50695 1472
65 2075 273
39 50265 1586
9 23694 169
23 5729 514
15 81 188
6 13314 252
10531 24231 611
3627 3910 2917
25 153 184
16 151 419
256 2160 261
32 2249 1972
29 7538 7794
Aver:
3120.21 17144 2134.54
