D is 6
The point are: 62 846 1770 5369 19343 20980 52280 108766 385659 834825 848851 1038731 1152057 1756692 1856149 2136590 2403546 5259621 5448281 
The edges are: [62 2136590]
[62 5369]
[62 1756692]
[62 5448281]
[62 834825]
[62 2403546]
[62 5259621]
[2136590 846]
[846 848851]
[5369 108766]
[108766 1152057]
[1756692 20980]
[20980 52280]
[5448281 1856149]
[834825 1770]
[1770 1038731]
[5259621 19343]
[19343 385659]
Query size is: 7
848851 1152057 52280 1856149 1038731 2403546 385659 
The sum weight of Tree is: 185.457
