D is 6
The point are: 62 394 1483 239595 405084 774488 858557 1022241 1404723 2437775 3946165 4255146 4297350 4406963 4718853 5364760 5769985 5781092 
The edges are: [1483 4255146]
[1483 774488]
[1483 239595]
[1483 1022241]
[1483 405084]
[1483 5769985]
[1483 4718853]
[774488 3946165]
[239595 5364760]
[1022241 1404723]
[1404723 2437775]
[405084 858557]
[858557 4297350]
[5769985 394]
[394 4406963]
[4718853 62]
[62 5781092]
Query size is: 7
5781092 3946165 4297350 2437775 4255146 5364760 4406963 
The sum weight of Tree is: 17
