D is 6
The point are: 5815 8471 11521 12856 18157 21238 42170 206875 455243 515334 569103 599073 1411425 1752846 1924554 2639411 2684662 4223303 4504164 
The edges are: [5815 2684662]
[5815 1924554]
[5815 455243]
[5815 515334]
[5815 206875]
[5815 11521]
[2684662 21238]
[21238 569103]
[1924554 18157]
[18157 1752846]
[455243 8471]
[8471 2639411]
[515334 12856]
[12856 1411425]
[206875 42170]
[42170 4504164]
[11521 599073]
[599073 4223303]
Query size is: 6
569103 1752846 2639411 1411425 4504164 4223303 
The sum weight of Tree is: 229.582
