D is 6
The point are: 391 780 2282 2323 4480 7027 22098 27306 102742 113778 185699 527123 1045502 1183917 1312571 1785201 2059093 2170159 3605477 4424012 4460364 4629419 
The edges are: [391 1312571]
[391 4629419]
[391 3605477]
[391 113778]
[391 4460364]
[391 2059093]
[391 102742]
[1312571 185699]
[185699 1183917]
[4629419 7027]
[7027 27306]
[3605477 780]
[780 1045502]
[113778 2323]
[2323 527123]
[4460364 4480]
[4480 1785201]
[2059093 2282]
[2282 2170159]
[102742 22098]
[22098 4424012]
Query size is: 7
1183917 27306 1045502 527123 1785201 2170159 4424012 
The sum weight of Tree is: 21
