D is 6
The point are: 9925 47338 48702 48948 50474 56500 65590 68304 131198 142710 151852 168101 310179 310181 359829 365563 386395 510069 
The edges are: [310179 48702]
[310179 48948]
[310179 50474]
[310179 151852]
[310179 168101]
[310179 131198]
[310179 65590]
[310179 68304]
[310179 142710]
[131198 310181]
[310181 56500]
[65590 510069]
[510069 359829]
[68304 47338]
[47338 365563]
[142710 9925]
[9925 386395]
Query size is: 10
50474 50474 151852 386395 48948 359829 48702 56500 168101 365563 
The sum weight of Tree is: 17
