D is 6
The point are: 47260 47338 47476 49394 51374 51844 57014 131776 144848 174009 358528 367745 376602 377201 377239 387523 398785 508648 508655 
The edges are: [47338 387523]
[47338 51374]
[47338 358528]
[47338 49394]
[47338 51844]
[47338 367745]
[387523 47260]
[47260 398785]
[51374 377201]
[377201 377239]
[358528 47476]
[47476 57014]
[49394 508648]
[508648 131776]
[51844 508655]
[508655 144848]
[367745 376602]
[376602 174009]
Query size is: 6
398785 377239 57014 131776 144848 174009 
The sum weight of Tree is: 170.125
