D is 6
The point are: 4860 5058 9281 9747 10148 12078 12119 123690 134021 301317 314373 605280 655916 772654 910192 1203544 1246480 1558798 2385901 
The edges are: [5058 2385901]
[5058 314373]
[5058 9281]
[5058 772654]
[5058 605280]
[5058 910192]
[2385901 4860]
[4860 1203544]
[314373 12119]
[12119 655916]
[9281 134021]
[134021 1558798]
[772654 9747]
[9747 301317]
[605280 12078]
[12078 123690]
[910192 10148]
[10148 1246480]
Query size is: 6
1203544 655916 1558798 301317 123690 1246480 
The sum weight of Tree is: 239.355
