D is 6
The point are: 62 453 4089 9261 18945 157039 306256 324784 485977 485979 532815 767280 822217 1088252 1200665 2103921 2792878 3910578 4980871 
The edges are: [62 157039]
[62 4980871]
[62 1200665]
[62 2103921]
[62 453]
[62 306256]
[62 1088252]
[157039 485977]
[485977 485979]
[4980871 9261]
[9261 2792878]
[1200665 767280]
[2103921 18945]
[18945 822217]
[453 532815]
[532815 3910578]
[1088252 4089]
[4089 324784]
Query size is: 7
485979 2792878 767280 822217 3910578 306256 324784 
The sum weight of Tree is: 18
