D is 6
The point are: 61546 65570 65690 67888 137218 146093 146213 310179 362884 376602 376803 378301 383108 384038 384042 389900 389902 455282 496312 496313 
The edges are: [310179 61546]
[310179 67888]
[310179 146093]
[310179 146213]
[310179 65570]
[310179 65690]
[310179 137218]
[61546 496312]
[496312 496313]
[67888 384038]
[384038 384042]
[146093 378301]
[146213 362884]
[65570 455282]
[455282 383108]
[65690 376602]
[376602 376803]
[137218 389900]
[389900 389902]
Query size is: 7
496313 384042 378301 362884 383108 376803 389902 
The sum weight of Tree is: 19
