35 282 852
24 23 141
22 97 26
30 75 97
47 1740 797
27 635 600
17 77 93
33 54 140
28 29 30
29 59 82
29 84 131
28 62 114
25 415 328
28 194 169
28 63 993
28 28 43
10 12 175
11 123 451
30 32 131
28 74 73
10 28 31
29 15 27
30 28 41
26 33 40
30 48 83
15 834 930
37 56 606
27 26 473
11 10 54
23 19 131
12 44 791
26 52 65
42 202 1475
30 59 659
25 256 2184
29 51 92
11 34 240
30 32 23
10 48 22
11 21 20
10 11 52
11 19 38
31 221 1335
23 23 93
25 22 747
31 121 214
27 28 44
10 11 10
12 45 90
30 31 76
25 171 5358
35 1449 6693
43 1568 1874
34 1068 5218
49 795 409
23 457 356
28 138 265
45 3062 19505
23 73 7374
23 968 4405
19 510 6048
19 72 121
30 190 11870
18 401 1893
22 689 349
33 557 1113
22 54 492
21 30 988
25 924 5790
20 95 193
37 199 629
21 339 362
12 16 29
49 253 705
23 90 219
36 1651 14999
35 433 6787
34 837 1994
39 102 172
11 19 32
35 580 54
28 110 40
33 119 173
37 621 4970
35 213 1361
29 1095 928
35 49 1129
27 483 3850
24 116 466
36 36 933
39 58 98
31 140 76
37 78 1938
56 205 511
35 43 220
35 106 57
17 14 107
11 10 85
76 144 276
29 209 478
27 477 146
10 16 912
32 72 288
30 161 921
29 54 781
27 158 610
28 32 1546
27 190 105
37 51 2581
36 229 5062
29 359 780
34 513 321
32 323 109
44 2173 913
29 215 165
30 796 313
31 245 755
27 143 124
26 101 87
33 51 3658
28 50 282
30 44 83
44 454 2717
27 52 53
30 36 875
26 150 64
28 27 109
29 29 26
43 948 460
28 62 1817
29 137 87
29 12 14
30 75 325
32 244 347
36 95 4228
29 160 272
35 89 58
31 21 15
127 858 1315
35 26 569
29 163 1055
29 410 1199
12 25 37
35 59 155
29 78 4841
39 1678 684
172 581 8744
30 379 204
26 45 103
14 13 220
35 213 708
28 990 1082
10 14 22
11 158 35
37 548 3617
21 759 1746
47 486 297
55 2188 1862
28 41 719
47 1590 744
29 40 2483
11 10 10
15 32 74
39 33 180
10 12 73
32 129 1983
27 398 157
38 808 860
29 29 29
26 463 706
24 46 149
28 277 8424
24 103 1115
29 36 1528
34 548 1451
26 186 334
27 57 239
30 555 1546
28 233 238
28 106 444
28 89 851
25 94 1586
34 728 6399
44 51 626
58 1834 15479
32 69 141
12 12 67
33 1871 2794
28 699 1939
24 11 243
28 447 1634
96 173 581
36 49 627
29 1148 1239
34 804 1962
27 128 200
30 657 2115
56 1955 1253
29 709 1423
47 84 1149
37 467 259
33 859 6949
35 507 1102
10 10 49
37 71 268
25 315 1150
30 738 4949
29 43 322
31 299 7363
25 46 201
31 531 822
29 545 2891
26 18 27
35 601 372
32 37 73
42 132 248
29 41 66
29 719 3734
27 58 1105
35 1714 6254
34 625 1656
27 193 367
28 55 567
32 896 563
46 164 111
28 169 2302
28 300 389
10 11 406
33 264 1573
24 203 4712
115 132 137
66 373 266
26 45 198
28 312 309
34 122 125
25 39 186
29 70 93
41 171 303
29 44 126
25 486 909
28 150 77
31 618 593
31 254 8237
31 1210 388
29 60 133
35 91 591
28 56 33
32 10 34
27 690 1451
30 712 12389
26 309 6430
27 608 1291
33 773 5304
26 235 817
35 1394 7051
26 42 72
24 11 105
45 692 7201
31 165 1593
38 1015 337
27 118 155
41 132 418
28 123 158
26 183 93
32 105 215
28 101 245
69 1996 2395
32 78 179
31 602 520
35 792 224
29 151 1847
30 16 37
32 197 484
25 27 74
28 33 52
32 34 50
10 10 181
11 10 155
39 37 191
11 19 231
12 26 45
14 79 98
11 125 48
40 18 64
38 28 20
37 46 65
30 15 69
31 10 23
57 27 37
30 33 28
40 40 53
23 31 102
33 290 429
13 11 30
10 11 186
15 28 32
12 20 23
12 14 29
10 10 11
26 53 43
24 29 29
36 45 109
27 42 76
17 141 152
11 17 10
100 258 868
101 172 516
11 128 33
11 18 66
16 46 100
19 33 90
11 24 16
26 192 1757
28 15 20
12 10 94
30 50 170
40 22 109
35 299 429
29 26 296
28 1105 1071
59 60 83
11 30 86
34 55 69
33 32 129
13 12 28
50 84 76
33 45 74
23 24 778
36 47 97
31 18 22
36 41 132
33 1449 2852
29 53 169
20 109 41
52 11 366
32 14 12
34 14 16
68 43 241
33 88 276
35 202 670
12 56 52
39 30 105
31 420 1410
78 58 67
36 25 41
11 11 45
12 15 198
41 598 520
20 24 26
36 30 31
132 81 131
53 1269 7633
37 322 224
11 18 231
17 26 34
15 17 20
12 12 264
12 33 24
11 11 324
12 29 30
11 12 109
11 15 134
33 58 422
13 17 21
34 44 109
14 13 66
12 25 80
52 130 154
69 58 97
17 27 30
18 69 95
46 62 513
36 85 106
27 255 115
30 39 68
22 25 201
35 58 172
10 14 20
38 423 434
38 336 822
32 90 358
30 252 1420
30 92 47
11 27 1198
37 29 409
33 72 671
30 151 97
11 13 80
46 719 145
14 133 1719
38 70 44
33 942 552
14 506 2190
36 190 2071
27 272 210
25 63 537
29 49 188
25 78 179
26 76 481
41 59 68
32 245 522
41 1658 1311
52 14 26
30 49 118
27 82 341
30 27 983
26 946 653
36 37 43
48 24 48
41 84 205
30 60 1701
29 279 282
31 60 102
30 178 1318
36 267 173
13 53 98
54 1030 2054
30 1370 678
32 180 6202
74 1150 826
29 881 246
28 30 81
22 441 838
32 646 284
60 869 350
32 61 59
33 441 1846
27 710 1573
27 169 249
11 220 402
11 102 984
62 70 15600
42 187 250
33 234 266
31 25 404
31 1048 470
30 112 5000
25 40 53
Aver:
30.7009 272.598 1073.33
