D is 6
The point are: 48728 52286 53634 54104 56500 65602 132484 142580 142820 161482 248913 248991 310179 365182 376198 378347 407235 407237 420751 432899 455054 455056 495777 
The edges are: [310179 161482]
[310179 48728]
[310179 65602]
[310179 53634]
[310179 132484]
[310179 52286]
[310179 142820]
[310179 142580]
[310179 54104]
[65602 248991]
[248991 432899]
[53634 455054]
[455054 455056]
[132484 378347]
[378347 365182]
[52286 495777]
[495777 376198]
[142820 248913]
[248913 56500]
[142580 407235]
[407235 407237]
[54104 420751]
Query size is: 9
161482 48728 432899 455056 365182 376198 56500 407237 420751 
The sum weight of Tree is: 224.274
