7 3 3
6 5 7
2 4 6
3 6 6
3 7 5
4 6 5
3 4 5
2 4 6
17 5 7
4 6 9
2 7 6
2 4 3
2 4 4
2 4 6
2 4 7
2 5 5
3 4 4
2 7 5
3 5 5
3 9 6
3 5 5
3 5 6
3 4 5
4 5 7
3 4 4
3 3 4
3 4 5
3 3 4
2 3 5
5 4 6
3 3 6
2 3 6
2 5 6
3 5 6
3 3 3
2 5 6
3 3 5
3 3 4
3 4 5
3 6 6
3 5 5
3 4 5
4 3 4
5 9 8
3 4 5
2 5 5
2 6 8
3 5 6
3 4 5
4 4 5
3 10 15
4 30 41
3 37 57
4 27 49
4 51 44
4 38 61
5 43 48
5 41 47
3 38 46
3 37 45
3 35 40
3 30 45
11 50 32
8 30 23
3 9 14
3 41 41
3 31 44
3 35 44
3 50 49
4 38 46
3 27 43
4 32 46
5 33 42
4 21 39
3 25 46
3 27 44
3 29 49
3 23 40
3 25 41
3 38 48
4 38 51
4 42 44
3 56 44
3 27 41
3 25 42
3 29 27
4 24 44
3 20 44
3 40 48
4 29 45
4 46 39
4 30 41
3 45 46
3 22 42
3 57 57
4 26 46
4 41 43
4 34 48
4 30 47
5 30 43
4 67 124
4 95 97
3 67 91
5 121 103
4 89 92
4 79 84
3 64 85
4 47 102
15 59 97
17 93 111
11 93 100
4 96 123
4 52 107
3 98 92
4 120 89
4 84 91
4 85 101
5 51 99
4 41 103
4 66 107
5 37 100
4 70 108
4 118 86
4 82 94
3 45 79
4 94 92
4 59 102
4 43 106
5 61 109
16 112 107
14 115 90
6 102 95
4 48 89
4 70 101
5 61 90
4 121 98
4 61 95
4 57 98
4 82 85
4 119 103
4 77 81
4 49 98
5 78 86
4 74 82
4 55 107
7 62 96
4 75 87
4 65 89
6 79 115
5 68 94
3 11 67
2 4 29
2 14 68
4 6 14
13 9 28
10 11 123
3 11 52
2 12 84
3 15 87
2 5 49
2 7 21
3 7 116
3 14 104
2 15 98
2 9 55
2 14 55
2 14 37
2 11 71
3 10 39
2 11 8
4 17 50
4 15 116
2 6 100
2 8 46
3 10 56
2 7 73
3 9 78
2 6 58
2 7 27
3 10 135
2 8 67
3 6 26
2 5 69
2 4 67
2 4 27
2 5 37
2 8 19
3 15 26
2 11 42
3 11 66
3 6 86
3 12 56
2 12 49
3 12 30
3 13 68
3 11 28
2 9 85
2 14 67
2 6 27
2 12 105
11 52 69
12 52 61
10 38 55
10 43 61
12 44 61
10 38 52
13 45 67
10 38 48
17 45 61
11 38 52
11 45 63
12 47 66
10 48 70
9 37 53
10 41 52
10 55 78
10 50 71
10 52 72
13 55 68
10 44 60
10 45 62
10 38 53
10 48 60
9 47 63
10 46 60
13 43 62
12 52 68
10 41 58
11 46 65
9 36 50
11 52 74
10 39 58
10 39 51
10 47 63
10 51 72
9 58 79
9 45 62
11 49 67
9 47 66
10 45 59
10 37 53
11 47 61
10 45 60
11 55 75
10 39 58
10 48 60
10 47 59
9 45 51
11 48 65
9 40 54
Aver:
5.132 33.884 53.44
