D is 6
The point are: 62 568 1654 1726 63678 113800 529637 738858 1214941 1755338 1909116 2260224 2682915 2714613 3270123 3270134 3590460 4205730 4957800 5357380 
The edges are: [62 529637]
[62 4957800]
[62 1909116]
[62 2682915]
[62 63678]
[62 1214941]
[62 1726]
[529637 2260224]
[4957800 1654]
[1654 4205730]
[1909116 2714613]
[2714613 5357380]
[2682915 113800]
[63678 568]
[568 738858]
[1214941 1755338]
[1755338 3590460]
[1726 3270123]
[3270123 3270134]
Query size is: 7
2260224 4205730 5357380 113800 738858 3590460 3270134 
The sum weight of Tree is: 192.941
