D is 6
The point are: 62 206 394 1084 1446 1726 2029 2282 2528 7548 12865 39826 163006 192367 262168 480418 533788 753859 1114639 1180054 1434734 1714745 2731530 3670915 3771780 4027943 4649680 4940189 
The edges are: [1446 3670915]
[1446 1180054]
[1446 753859]
[1446 1714745]
[1446 206]
[1446 3771780]
[1446 262168]
[1446 2029]
[1446 533788]
[3670915 1084]
[1084 1114639]
[1180054 7548]
[7548 39826]
[753859 2282]
[2282 192367]
[1714745 394]
[394 2731530]
[206 1434734]
[1434734 4027943]
[3771780 12865]
[12865 4940189]
[262168 62]
[62 4649680]
[2029 1726]
[1726 480418]
[533788 2528]
[2528 163006]
Query size is: 9
1114639 39826 192367 2731530 4027943 4940189 4649680 480418 163006 
The sum weight of Tree is: 27
