D is 6
The point are: 12 62 1500 2707 18945 45507 448890 525571 822217 1245451 1248741 1478291 2017022 2560272 2895466 2895467 4066811 4479505 
The edges are: [1500 62]
[1500 4066811]
[1500 4479505]
[1500 2560272]
[1500 1245451]
[62 2895467]
[62 1478291]
[2895467 2895466]
[4066811 12]
[12 448890]
[1478291 2017022]
[4479505 18945]
[18945 822217]
[2560272 45507]
[45507 1248741]
[1245451 2707]
[2707 525571]
Query size is: 6
2895466 448890 2017022 822217 1248741 525571 
The sum weight of Tree is: 17
