D is 6
The point are: 475 483 1313 1462 2353 2707 76022 363528 584408 628635 924098 952930 1287775 2624101 3097545 4554885 4903835 5239949 5296400 5682735 5682738 
The edges are: [4903835 1462]
[4903835 483]
[4903835 2707]
[4903835 2353]
[4903835 475]
[1462 628635]
[1462 2624101]
[1462 5296400]
[1462 3097545]
[483 924098]
[483 5682735]
[2707 1287775]
[2707 1313]
[2353 5239949]
[5296400 363528]
[3097545 4554885]
[5682735 5682738]
[1313 584408]
[475 952930]
[952930 76022]
Query size is: 10
584408 363528 628635 1287775 2624101 5682738 5239949 4554885 76022 924098 
The sum weight of Tree is: 20
