D is 6
The point are: 7 62 676 952 1500 2897 4769 12543 51003 132008 261608 329751 492946 547490 2589883 2589885 2658817 3083632 4537064 
The edges are: [1500 329751]
[1500 676]
[1500 62]
[1500 952]
[329751 7]
[329751 2897]
[7 3083632]
[676 51003]
[676 547490]
[676 132008]
[62 12543]
[62 2589883]
[12543 492946]
[547490 4537064]
[2897 261608]
[2589883 2589885]
[952 4769]
[4769 2658817]
Query size is: 8
3083632 51003 492946 4537064 261608 2589885 132008 2658817 
The sum weight of Tree is: 192.685
