D is 6
The point are: 53494 65708 131448 132778 142575 144741 146968 165929 310179 311079 358540 360267 369092 377935 380126 380130 387431 410389 410390 461173 494450 508882 509564 
The edges are: [310179 144741]
[310179 142575]
[310179 53494]
[310179 132778]
[310179 65708]
[310179 146968]
[310179 165929]
[310179 131448]
[144741 410389]
[410389 410390]
[142575 494450]
[494450 461173]
[53494 311079]
[311079 369092]
[132778 380126]
[380126 380130]
[65708 508882]
[508882 387431]
[146968 377935]
[165929 358540]
[131448 509564]
[509564 360267]
Query size is: 8
410390 461173 369092 380130 387431 377935 358540 360267 
The sum weight of Tree is: 224.75
