D is 6
The point are: 7 846 1243 1483 18945 49681 92121 99056 125384 151970 187561 476235 659773 780080 780081 780083 822217 1419471 2949611 4761387 4948118 4970957 5683381 5715667 5715669 
The edges are: [1483 49681]
[1483 4970957]
[1483 99056]
[1483 659773]
[1483 4948118]
[1483 2949611]
[1483 4761387]
[1483 780083]
[49681 5715667]
[5715667 5715669]
[4970957 125384]
[125384 1419471]
[99056 846]
[846 5683381]
[659773 18945]
[18945 822217]
[4948118 92121]
[92121 187561]
[2949611 1243]
[1243 151970]
[4761387 7]
[7 476235]
[780083 780080]
[780080 780081]
Query size is: 8
5715669 1419471 5683381 822217 187561 151970 476235 780081 
The sum weight of Tree is: 24
