D is 6
The point are: 62 394 572 1483 16784 405084 774488 858557 992890 1022241 2437775 2582686 3809517 3946165 4297350 4406963 4917011 5738176 
The edges are: [1483 5738176]
[1483 16784]
[1483 774488]
[1483 992890]
[1483 405084]
[1483 1022241]
[16784 572]
[16784 62]
[572 2582686]
[62 4917011]
[774488 3946165]
[992890 394]
[394 4406963]
[405084 858557]
[858557 4297350]
[1022241 3809517]
[3809517 2437775]
Query size is: 7
2582686 3946165 4297350 2437775 5738176 4917011 4406963 
The sum weight of Tree is: 175.535
