D is 6
The point are: 62 568 1084 1654 1726 63678 529637 738858 1909116 2109914 2260224 2714613 3270123 3270134 3761146 4182771 4205730 4957800 5357380 
The edges are: [62 3761146]
[62 4182771]
[62 63678]
[62 4957800]
[62 529637]
[62 1726]
[62 1909116]
[4182771 1084]
[1084 2109914]
[63678 568]
[568 738858]
[4957800 1654]
[1654 4205730]
[529637 2260224]
[1726 3270123]
[3270123 3270134]
[1909116 2714613]
[2714613 5357380]
Query size is: 7
2260224 4205730 5357380 3761146 738858 2109914 3270134 
The sum weight of Tree is: 163.658
