D is 6
The point are: 62 394 572 1314 1462 7548 13287 40849 73089 356780 819644 858557 1759054 2406097 2582686 3191851 3946165 4188658 4297350 4406963 4917011 5776502 
The edges are: [1462 819644]
[1462 40849]
[1462 13287]
[1462 1314]
[1462 2406097]
[1462 356780]
[1462 5776502]
[819644 572]
[572 2582686]
[40849 7548]
[7548 3946165]
[13287 858557]
[858557 4297350]
[1314 3191851]
[3191851 4188658]
[2406097 73089]
[73089 1759054]
[356780 62]
[62 4917011]
[5776502 394]
[394 4406963]
Query size is: 7
2582686 3946165 4297350 4188658 1759054 4917011 4406963 
The sum weight of Tree is: 232.708
