D is 6
The point are: 47440 49156 49426 49552 52170 53994 61466 248913 357795 360726 367483 370915 373298 380295 508648 508650 508654 512840 
The edges are: [47440 53994]
[47440 49426]
[47440 373298]
[47440 61466]
[47440 49156]
[47440 360726]
[53994 512840]
[49426 508654]
[508654 49552]
[373298 357795]
[357795 380295]
[61466 508650]
[508650 370915]
[49156 508648]
[508648 52170]
[360726 248913]
[248913 367483]
Query size is: 6
512840 49552 380295 370915 52170 367483 
The sum weight of Tree is: 161.444
