D is 6
The point are: 572 2236 2600 3158 5006 7548 15839 484279 983116 1264704 1264705 2348640 2582686 3052630 3946165 4053858 4229013 4465126 5432660 
The edges are: [3158 5432660]
[3158 484279]
[3158 983116]
[3158 4465126]
[3158 15839]
[3158 5006]
[5432660 572]
[572 2582686]
[484279 7548]
[7548 3946165]
[983116 2236]
[2236 2348640]
[4465126 2600]
[2600 4053858]
[15839 4229013]
[4229013 3052630]
[5006 1264704]
[1264704 1264705]
Query size is: 6
2582686 3946165 2348640 4053858 3052630 1264705 
The sum weight of Tree is: 201.984
