D is 6
The point are: 7 12 2532 4883 5090 146122 248459 416665 1334378 1371410 1648671 1699957 2002711 3024253 3116319 4235218 5440844 5772725 
The edges are: [12 416665]
[12 1699957]
[12 248459]
[12 4235218]
[12 3116319]
[12 1334378]
[416665 5090]
[5090 1371410]
[1699957 2532]
[2532 3024253]
[248459 5440844]
[4235218 146122]
[146122 1648671]
[3116319 7]
[7 5772725]
[1334378 4883]
[4883 2002711]
Query size is: 6
5440844 2002711 5772725 1648671 1371410 3024253 
The sum weight of Tree is: 175.459
