D is 6
The point are: 47310 49882 59524 66414 139276 143101 144089 176160 310179 377421 382463 390926 397808 430214 430215 503299 513021 
The edges are: [310179 66414]
[310179 176160]
[310179 143101]
[310179 49882]
[310179 139276]
[310179 144089]
[310179 59524]
[143101 377421]
[49882 47310]
[47310 397808]
[139276 513021]
[513021 382463]
[144089 503299]
[503299 390926]
[59524 430214]
[430214 430215]
Query size is: 8
377421 176160 390926 66414 382463 430215 397808 397808 
The sum weight of Tree is: 165.019
