23 11 16
10 10 10
23 19 20
11 19 20
13 13 25
23 17 20
9 21 12
12 10 12
23 12 13
10 23 22
9 16 20
23 12 12
10 14 22
12 20 20
23 20 11
13 13 18
23 15 22
10 15 17
23 12 24
23 13 15
23 14 13
26 19 24
10 16 21
10 15 25
23 15 16
23 19 18
23 11 17
10 11 14
22 14 22
19 19 50
20 9 9
32 10 39
10 10 10
23 44 17
23 38 15
18 15 15
10 16 12
23 12 20
23 20 12
20 14 17
22 18 11
10 23 19
23 12 16
11 15 12
23 13 13
23 13 16
23 17 20
25 10 12
24 15 13
12 14 15
29 180 231
27 44 75
19 103 75
50 120 63
28 110 75
31 53 96
29 98 170
28 66 172
29 39 153
30 73 143
29 56 95
31 41 107
29 50 85
29 92 81
27 97 66
29 57 102
30 47 123
29 46 80
29 107 88
29 61 62
23 67 74
22 54 80
42 113 86
23 53 58
23 120 157
23 34 71
23 80 83
23 76 110
29 65 160
29 59 188
30 70 91
30 65 171
29 67 141
29 90 81
28 50 72
23 93 96
29 77 169
23 75 97
29 61 162
29 101 89
29 72 190
29 42 101
34 53 81
30 150 76
29 56 171
29 44 76
31 92 149
23 85 128
22 50 107
22 44 75
24 72 527
20 559 279
20 236 529
20 166 787
24 167 158
23 151 99
17 228 236
24 55 665
23 121 176
24 260 765
23 147 594
23 128 316
23 224 213
24 207 568
24 291 523
24 56 167
23 136 276
23 29 123
24 250 345
24 118 1533
24 113 339
18 55 109
18 146 496
23 265 668
24 444 1395
25 93 142
23 457 1391
24 156 396
24 515 92
24 178 269
24 295 90
24 448 211
23 225 406
17 41 311
23 413 370
17 400 609
23 143 351
18 215 460
23 173 341
24 430 647
23 84 280
23 137 450
25 75 191
24 84 271
24 135 610
23 435 169
23 223 374
23 164 337
23 146 265
28 69 343
20 20 216
23 21 261
20 21 255
21 20 140
20 22 125
156 20 231
20 25 146
21 20 215
21 28 284
21 27 48
20 21 142
20 28 211
21 24 156
21 23 283
159 21 257
20 24 172
21 21 164
20 21 145
16 23 258
20 26 217
20 21 168
20 29 226
21 21 205
22 27 155
21 23 325
23 20 253
20 24 308
157 21 224
14 22 220
21 23 102
21 25 212
20 31 146
21 23 233
20 23 196
20 27 210
163 27 291
156 24 240
20 21 161
20 30 335
20 21 183
20 24 218
159 20 137
158 30 236
21 32 190
20 29 139
21 21 150
20 23 239
20 20 125
157 21 262
21 21 261
30 72 139
34 86 148
30 60 81
35 111 104
33 130 124
30 77 171
33 151 340
33 86 122
31 76 133
31 73 103
33 117 158
31 55 95
34 50 145
34 77 135
30 67 129
33 54 136
33 63 139
31 124 162
34 112 258
31 64 144
33 67 88
33 73 92
33 41 67
34 65 154
35 72 116
33 61 75
32 72 109
31 74 116
33 41 66
31 44 115
31 61 80
32 67 120
32 85 94
31 70 130
32 64 109
31 48 77
34 50 76
32 103 139
31 47 110
35 131 217
32 73 79
31 66 159
31 85 116
30 89 128
33 49 67
31 73 118
31 46 99
32 48 103
33 76 115
31 53 106
Aver:
28.732 78.924 176.64
