48 195 88
50 952 85
45 692 32
130 29 248
44 18 122
116 25 135
46 21 241
49 18 85
50 119 218
42 20 247
45 115 4
46 134 107
46 111 3
46 18 97
51 349 86
51 510 113
44 27 235
58 169 245
47 266 121
42 18 5
118 197 119
52 22 232
46 221 19
54 441 103
47 1090 91
49 452 90
46 18 87
45 222 27
126 20 5
47 285 441
128 205 117
44 19 136
129 48 112
54 941 135
49 203 85
47 114 208
46 815 102
56 628 4
49 1516 99
48 454 84
45 511 170
46 31 213
51 109 4
45 342 231
47 23 85
43 1540 304
50 948 84
51 165 23
133 978 97
47 20 210
302 3696 112
197 816 493
1114 9558 128
200 7156 1527
199 175 442
201 1373 128
212 675 595
216 1695 116
194 198 463
198 2777 171
219 13201 200
210 1586 152
197 1811 936
223 1960 116
221 494 136
222 1028 477
197 9158 1516
218 3264 135
218 1470 162
208 1453 371
231 4185 200
190 139 553
203 6519 375
211 7161 177
211 1776 492
561 1620 108
220 158 422
202 3346 188
246 2095 169
203 1991 170
225 143 106
255 949 618
216 586 110
326 2335 457
189 6211 105
202 895 154
214 126 567
195 2076 908
229 163 853
198 3521 479
212 5144 105
214 3832 112
1673 1193 129
214 1949 111
202 160 1358
216 145 1145
200 1904 183
193 141 575
1251 687 519
186 7945 931
475 20579 190
638 50863 111
567 51234 210
577 227 709
1422 7177 1777
531 11203 216
479 50899 117
516 51018 177
456 21018 666
517 18718 796
431 20180 177
465 11286 1378
491 10664 775
506 20026 164
455 50072 618
471 4595 154
479 13495 101
1258 2482 145
582 50055 809
556 50299 702
493 215 707
478 22547 154
471 36297 657
493 45038 574
501 52072 740
467 1970 120
453 50599 672
517 7827 175
638 51563 1731
470 40306 1782
499 37199 562
481 50058 172
642 9699 630
466 33615 718
461 50721 661
487 51769 228
3123 3038 149
407 2010 126
2121 15944 167
505 51143 683
466 51109 711
580 42456 241
493 29953 817
1780 1147 554
538 50826 243
477 51079 792
474 787 826
572 12048 540
495 50679 113
2492 2427 1769
8 869 132
6 569 118
4 762 219
5 84 355
8 2263 127
5 820 352
5 479 199
4 617 255
6 1584 113
7 1666 257
7 90 152
8 1308 316
8 554 420
7 1866 263
5 630 167
7 167 212
4 195 174
6 662 128
7 1133 260
6 1123 189
4 396 194
8 1495 274
7 303 134
7 1109 207
5 959 261
105 871 137
4 1402 201
7 582 549
4 464 284
7 178 251
7 614 285
9 916 226
5 1143 210
5 470 128
8 1798 109
4 1296 196
7 1114 98
4 361 316
7 1728 162
5 1302 184
103 659 241
7 146 228
7 842 261
8 1222 222
9 1672 86
8 854 219
5 743 118
6 1665 123
5 1140 123
105 529 228
17238 4510 174
32408 11073 158
31574 750 148
34355 1547 148
42144 10337 151
17513 6652 145
47420 646 143
37958 560 143
17753 2934 150
67289 557 148
38560 9391 128
29610 664 147
17248 830 147
26386 522 141
21599 4975 258
32166 780 184
19723 717 191
18175 4830 145
18394 3055 154
17963 4795 221
18630 4210 175
18741 654 127
52593 6970 142
18399 6587 124
32128 9462 154
18183 656 145
17448 655 142
17853 597 134
17119 621 131
17968 13384 131
18918 901 381
34096 7969 143
17497 23165 148
17533 4445 176
17504 13185 157
36533 776 2033
18121 506 144
43117 3124 154
39934 658 137
21803 593 147
17421 737 245
50954 642 149
29973 749 145
31339 680 129
38029 614 145
17496 11835 152
42865 812 397
36488 12174 141
32052 15233 146
26587 842 443
Aver:
5820.81 7320.92 303.996
