D is 6
The point are: 47310 49882 51894 122048 131619 139276 144073 146407 310179 358752 382280 382287 382365 382463 396745 486931 500409 513021 
The edges are: [310179 122048]
[310179 49882]
[310179 146407]
[310179 51894]
[310179 144073]
[310179 139276]
[310179 131619]
[122048 500409]
[49882 47310]
[47310 382365]
[146407 382280]
[382280 382287]
[144073 396745]
[139276 513021]
[513021 382463]
[131619 486931]
[486931 358752]
Query size is: 7
500409 382365 382287 51894 396745 382463 358752 
The sum weight of Tree is: 176.222
