D is 6
The point are: 51894 69058 122048 131488 139276 144073 146407 310179 358752 382280 382287 382359 382365 382463 396745 489744 500409 513021 
The edges are: [310179 122048]
[310179 69058]
[310179 146407]
[310179 51894]
[310179 144073]
[310179 139276]
[310179 131488]
[122048 500409]
[69058 382359]
[382359 382365]
[146407 382280]
[382280 382287]
[144073 396745]
[139276 513021]
[513021 382463]
[131488 489744]
[489744 358752]
Query size is: 7
500409 382365 382287 51894 396745 382463 358752 
The sum weight of Tree is: 17
