D is 6
The point are: 1478 4986 5246 6927 8436 18681 22464 31431 104528 471309 488157 545048 574426 577318 1085779 1860866 1995557 2720158 3103599 
The edges are: [1478 1085779]
[1478 574426]
[1478 488157]
[1478 104528]
[1478 577318]
[1478 31431]
[1085779 18681]
[18681 2720158]
[574426 5246]
[5246 545048]
[488157 4986]
[4986 1995557]
[104528 8436]
[8436 471309]
[577318 6927]
[6927 3103599]
[31431 22464]
[22464 1860866]
Query size is: 6
2720158 545048 1995557 471309 3103599 1860866 
The sum weight of Tree is: 18
