D is 6
The point are: 49074 51940 55982 65672 65704 69058 153416 163085 165007 310179 310218 358247 380499 380537 382359 382365 389881 429603 461206 461213 693713 
The edges are: [310179 69058]
[310179 163085]
[310179 51940]
[310179 49074]
[310179 153416]
[310179 65672]
[310179 65704]
[310179 165007]
[69058 382359]
[382359 382365]
[163085 461206]
[461206 461213]
[51940 693713]
[49074 389881]
[389881 358247]
[153416 429603]
[65672 310218]
[310218 55982]
[65704 380537]
[380537 380499]
Query size is: 8
382365 461213 693713 358247 429603 55982 380499 165007 
The sum weight of Tree is: 20
