D is 6
The point are: 52092 56450 65560 65566 67376 139276 142425 162501 248973 310179 335172 335173 361827 371499 377354 382463 416920 416921 460201 508648 508689 509179 513021 
The edges are: [310179 52092]
[310179 67376]
[310179 139276]
[310179 65566]
[310179 56450]
[310179 142425]
[310179 65560]
[310179 162501]
[52092 377354]
[67376 509179]
[509179 460201]
[139276 513021]
[513021 382463]
[65566 248973]
[248973 371499]
[56450 361827]
[142425 335172]
[335172 335173]
[65560 508648]
[508648 508689]
[162501 416920]
[416920 416921]
Query size is: 8
377354 460201 382463 371499 361827 335173 508689 416921 
The sum weight of Tree is: 22
