D is 6
The point are: 453 2282 2926 4511 4839 15078 15082 47271 160964 183179 240874 248611 481920 934843 1360003 1589073 1636741 1641258 2170159 3731380 
The edges are: [2926 1636741]
[2926 15078]
[2926 160964]
[2926 1641258]
[2926 481920]
[2926 47271]
[2926 3731380]
[1636741 4511]
[4511 934843]
[15078 15082]
[160964 4839]
[4839 1589073]
[1641258 248611]
[248611 183179]
[481920 2282]
[2282 2170159]
[47271 1360003]
[3731380 453]
[453 240874]
Query size is: 7
934843 15082 1589073 183179 2170159 1360003 240874 
The sum weight of Tree is: 225.575
