D is 6
The point are: 2616 5097 6832 12445 12626 16560 17276 21581 51730 51732 101095 193035 333898 408704 678109 764779 1102089 1621528 1693960 
The edges are: [6832 193035]
[6832 764779]
[6832 408704]
[6832 101095]
[6832 678109]
[6832 2616]
[193035 12445]
[12445 333898]
[764779 17276]
[17276 1621528]
[408704 5097]
[5097 1693960]
[101095 12626]
[12626 21581]
[678109 16560]
[16560 1102089]
[2616 51732]
[51732 51730]
Query size is: 6
333898 1621528 1693960 21581 1102089 51730 
The sum weight of Tree is: 236.432
