D is 6
The point are: 62 284 453 846 1770 20980 52280 108766 110653 385659 848851 1038731 1152057 1856149 2100719 2403546 2889891 5448281 5509119 
The edges are: [62 2100719]
[62 453]
[62 2889891]
[62 5448281]
[62 284]
[62 2403546]
[62 5509119]
[2100719 846]
[846 848851]
[453 108766]
[108766 1152057]
[2889891 20980]
[20980 52280]
[5448281 1856149]
[284 1770]
[1770 1038731]
[5509119 110653]
[110653 385659]
Query size is: 7
848851 1152057 52280 1856149 1038731 2403546 385659 
The sum weight of Tree is: 18
