D is 6
The point are: 12 584 1182 1324 3161 3168 3453 5336 20918 33343 103536 367555 385687 386210 596264 1701641 1902219 3705245 4228058 5097978 
The edges are: [103536 1182]
[103536 3168]
[103536 1324]
[103536 20918]
[103536 3161]
[1182 3453]
[1182 5336]
[3453 4228058]
[3168 584]
[584 386210]
[1324 3705245]
[3705245 1701641]
[5336 5097978]
[20918 367555]
[20918 12]
[367555 1902219]
[3161 596264]
[596264 385687]
[12 33343]
Query size is: 7
4228058 386210 1701641 5097978 1902219 385687 33343 
The sum weight of Tree is: 19
