D is 6
The point are: 153 1440 3700 13611 18945 22931 58058 139548 244624 274934 475835 822217 1557665 1987274 2170492 3509022 4080039 4528510 
The edges are: [153 2170492]
[153 3700]
[153 3509022]
[153 58058]
[153 4080039]
[153 1557665]
[153 4528510]
[2170492 274934]
[3700 244624]
[3509022 18945]
[18945 822217]
[4080039 1440]
[1440 475835]
[1557665 13611]
[13611 1987274]
[4528510 22931]
[22931 139548]
Query size is: 7
274934 244624 822217 58058 475835 1987274 139548 
The sum weight of Tree is: 184.376
