15 23 22
8 10 155
6 6 88
5 6 5
5 4 5
5 5 6
5 39 31
7 7 100
5 5 5
6 16 133
7 44 112
6 8 159
6 15 8
7 84 179
5 47 12
5 7 13
7 6 5
8 7 8
9 4 13
6 30 41
5 5 11
5 6 6
5 6 8
8 7 185
6 30 62
5 5 15
5 7 115
10 90 43
6 23 122
7 8 25
7 5 8
6 10 22
5 7 8
8 55 238
7 5 8
6 32 156
5 10 6
9 21 23
7 5 5
6 6 5
7 6 6
5 7 39
7 11 164
6 5 81
7 14 12
6 13 228
6 7 15
7 6 6
8 12 217
6 21 79
7 24 700
6 5 229
5 8 57
5 28 12
5 28 18
6 59 166
6 8 8
6 6 8
7 51 679
5 30 46
5 5 171
6 6 6
5 7 8
5 5 5
6 6 6
7 5 7
6 6 7
5 5 7
5 5 8
6 71 140
5 5 5
7 7 103
6 7 9
5 10 171
5 13 17
5 5 4
5 5 5
7 45 119
4 6 18
6 7 7
6 5 87
7 9 12
5 8 39
6 8 431
5 8 98
5 6 9
7 18 87
5 5 5
5 6 10
5 5 5
5 5 5
6 15 148
5 8 99
5 7 12
5 15 10
7 13 23
6 6 6
10 6 5
5 6 8
6 5 7
7 7 262
9 31 57
5 41 50
10 8 11
7 21 254
5 7 6
5 11 6
5 9 12
7 52 187
7 15 223
5 5 6
5 5 7
7 7 175
6 14 148
6 68 103
7 6 9
5 8 126
7 54 16
7 16 194
6 74 131
7 7 534
6 44 63
5 6 5
9 9 30
7 8 74
5 13 65
6 6 13
5 6 5
5 21 49
5 6 50
6 8 183
9 23 25
6 136 291
5 6 5
5 6 5
4 5 5
7 71 329
9 52 706
6 45 113
5 8 655
5 5 9
5 29 47
5 6 32
6 8 10
6 39 17
8 7 8
7 10 47
5 35 54
5 4 5
8 25 120
6 17 113
6 4 5
8 34 465
5 6 5
7 24 166
8 6 9
9 81 109
6 45 61
5 7 57
6 6 10
9 51 55
7 9 22
5 5 360
6 6 10
6 5 5
10 8 25
6 44 135
11 11 340
7 7 20
9 10 36
6 7 127
6 61 133
5 12 654
5 5 6
7 19 35
4 8 5
6 9 930
5 47 93
7 53 50
6 14 696
6 5 140
8 24 294
5 6 528
9 8 24
7 7 22
9 20 125
7 24 299
9 27 131
7 8 142
6 9 111
7 6 88
12 26 321
7 44 391
8 12 671
10 46 886
9 24 236
8 70 211
8 36 310
7 18 246
10 12 317
Aver:
6.395 18.13 113.185
