D is 6
The point are: 48726 54372 61054 61128 131139 140926 143736 164602 310179 324362 324485 369521 401437 408531 455046 456970 456971 
The edges are: [310179 164602]
[310179 143736]
[310179 61128]
[310179 61054]
[310179 54372]
[310179 48726]
[310179 131139]
[310179 140926]
[164602 455046]
[143736 408531]
[408531 401437]
[54372 456970]
[456970 456971]
[131139 324485]
[324485 324362]
[140926 369521]
Query size is: 9
455046 401437 61128 61054 61054 456971 48726 324362 369521 
The sum weight of Tree is: 168.843
