D is 6
The point are: 47320 47426 51762 58018 67810 129052 129293 129322 129873 142820 143575 161482 310179 358547 360707 360907 361592 364308 375943 378563 378572 378624 397442 397443 448674 458780 458781 508652 
The edges are: [47320 129052]
[47320 67810]
[47320 129873]
[47320 142820]
[47320 143575]
[47320 364308]
[47320 129293]
[47320 360907]
[47320 361592]
[47320 129322]
[129052 448674]
[67810 508652]
[508652 51762]
[129873 458780]
[458780 458781]
[142820 310179]
[310179 58018]
[143575 378563]
[378563 358547]
[364308 47426]
[47426 360707]
[129293 397442]
[397442 397443]
[360907 375943]
[375943 161482]
[361592 378572]
[378572 378624]
Query size is: 10
448674 51762 458781 58018 358547 360707 397443 161482 378624 129322 
The sum weight of Tree is: 258.237
