D is 6
The point are: 62 73 621 3453 4883 161898 170064 327055 418243 609775 666063 1089949 2582194 2995253 3153819 3399926 3562626 4153591 4770176 4872927 5039042 
The edges are: [3453 5039042]
[3453 2582194]
[3453 4883]
[3453 4770176]
[3453 2995253]
[3453 418243]
[3453 4872927]
[2582194 161898]
[161898 609775]
[4883 170064]
[170064 4153591]
[4770176 62]
[62 1089949]
[62 327055]
[2995253 621]
[621 3562626]
[418243 666063]
[666063 3399926]
[4872927 73]
[73 3153819]
Query size is: 8
1089949 609775 5039042 327055 3153819 3399926 3562626 4153591 
The sum weight of Tree is: 225.728
