D is 6
The point are: 7 12 780 846 4769 77517 77518 133930 261608 391482 547490 779445 1772014 2589885 2658817 3083632 3116319 3551711 4176021 4537064 
The edges are: [780 133930]
[780 391482]
[780 779445]
[780 846]
[780 3116319]
[780 12]
[780 1772014]
[780 3551711]
[846 77517]
[77517 77518]
[3116319 7]
[7 261608]
[7 3083632]
[12 4176021]
[4176021 2589885]
[1772014 4769]
[4769 2658817]
[3551711 547490]
[547490 4537064]
Query size is: 9
3083632 391482 779445 4537064 261608 2589885 133930 2658817 77518 
The sum weight of Tree is: 19
