D is 6
The point are: 55358 61546 65690 144533 145363 146093 146213 310179 362884 376602 376803 378301 383108 384042 389902 455184 496312 496313 510072 511079 
The edges are: [310179 61546]
[310179 144533]
[310179 146093]
[310179 146213]
[310179 145363]
[310179 65690]
[310179 55358]
[61546 496312]
[496312 496313]
[144533 455184]
[455184 384042]
[146093 378301]
[146213 362884]
[145363 510072]
[510072 383108]
[65690 376602]
[376602 376803]
[55358 511079]
[511079 389902]
Query size is: 7
496313 384042 378301 362884 383108 376803 389902 
The sum weight of Tree is: 188.586
