D is 6
The point are: 48712 52316 53458 65586 65946 131198 142580 162524 164704 310179 310181 358637 379772 387423 402001 407235 407237 414524 414527 502310 
The edges are: [310179 65586]
[310179 164704]
[310179 48712]
[310179 131198]
[310179 65946]
[310179 162524]
[310179 142580]
[310179 53458]
[65586 379772]
[379772 358637]
[131198 310181]
[310181 52316]
[65946 502310]
[502310 387423]
[162524 414524]
[414524 414527]
[142580 407235]
[407235 407237]
[53458 402001]
Query size is: 8
358637 164704 48712 52316 387423 414527 407237 402001 
The sum weight of Tree is: 19
