D is 6
The point are: 49914 50808 59524 64340 65602 133663 141705 143586 145421 249091 310179 363638 365931 371778 378572 378624 383956 405023 411206 411219 430214 430215 486577 694712 
The edges are: [310179 65602]
[310179 141705]
[310179 64340]
[310179 49914]
[310179 133663]
[310179 50808]
[310179 145421]
[310179 143586]
[310179 59524]
[65602 249091]
[249091 363638]
[141705 378572]
[378572 378624]
[133663 694712]
[694712 365931]
[50808 486577]
[486577 371778]
[145421 411206]
[411206 411219]
[143586 405023]
[405023 383956]
[59524 430214]
[430214 430215]
Query size is: 9
363638 378624 64340 49914 365931 371778 411219 383956 430215 
The sum weight of Tree is: 233.823
