5 9 3
3 4 7
3 3 6
2 3 7
2 3 5
3 4 4
3 3 4
2 2 5
2 4 7
2 3 15
2 4 7
3 3 3
2 4 3
3 3 6
14 3 7
2 3 4
2 3 5
2 4 5
3 4 4
2 3 6
3 3 5
3 4 6
2 3 5
3 3 6
2 3 4
2 3 3
2 3 4
2 3 5
2 2 3
2 3 5
3 3 6
2 2 7
2 3 5
3 4 6
3 3 3
2 4 7
2 3 4
2 3 3
2 2 4
3 4 7
3 3 6
3 3 4
3 2 4
2 5 8
2 3 5
2 4 6
2 4 9
2 3 5
2 3 6
3 4 6
3 6 22
3 13 67
3 18 87
3 18 65
3 19 61
4 20 96
3 16 78
3 17 45
3 11 71
3 13 67
3 12 54
3 16 59
4 12 56
3 10 31
2 6 18
4 9 61
3 12 66
4 9 74
3 14 65
3 15 66
3 14 62
4 11 68
3 15 62
3 11 56
3 12 70
4 17 70
4 11 73
3 12 58
3 12 54
3 9 72
3 20 77
4 18 68
3 20 64
4 9 57
3 12 63
3 22 41
4 8 62
4 10 61
3 14 76
3 9 65
4 16 58
3 13 56
3 13 73
3 10 66
3 22 92
3 10 67
3 17 60
3 12 67
3 11 65
4 8 60
5 23 162
4 18 144
4 20 130
4 24 157
4 22 128
4 20 124
5 16 121
6 23 158
4 17 138
5 29 143
5 16 141
5 29 205
4 33 146
5 28 130
4 23 128
5 24 134
5 28 145
5 18 151
5 16 159
4 14 160
5 24 151
5 25 134
4 22 114
4 17 167
4 29 116
4 23 135
4 18 153
4 28 148
4 21 123
7 30 183
5 18 131
4 29 137
4 19 124
5 20 125
4 18 141
5 25 160
4 15 130
4 16 151
4 31 129
5 22 174
4 19 110
4 16 164
4 15 121
5 31 124
4 20 155
4 19 143
5 23 115
4 15 143
5 20 183
4 23 132
2 3 32
2 2 24
2 4 44
3 3 11
2 2 15
2 3 16
2 4 61
2 3 39
2 3 63
3 3 22
2 3 19
2 2 49
2 4 61
2 3 80
2 2 38
2 2 35
2 4 31
2 3 42
2 3 35
2 4 6
2 3 46
2 3 85
2 2 45
3 3 24
2 3 59
3 3 27
2 3 42
2 3 18
3 4 18
2 3 80
3 2 50
2 3 25
3 3 39
2 2 16
3 3 22
2 2 26
2 3 16
2 3 30
2 3 40
2 3 71
2 3 48
2 4 46
2 3 40
3 3 25
2 3 35
2 4 26
2 3 52
2 3 39
3 3 15
2 2 52
46 173 272
51 151 234
45 152 223
45 163 248
47 160 236
46 135 199
49 163 243
47 160 217
51 165 225
48 146 209
48 174 272
51 183 272
47 173 285
48 148 212
51 144 215
50 182 257
44 165 256
44 177 270
47 191 263
44 165 245
43 155 237
46 151 219
48 164 263
44 184 255
47 168 243
47 167 251
48 178 270
51 153 230
53 175 251
44 143 212
47 162 236
43 141 221
48 150 216
48 165 267
46 174 330
53 172 245
47 162 240
53 170 255
46 176 268
47 162 232
47 160 215
49 177 238
46 168 241
47 162 239
46 161 248
48 167 247
49 161 239
45 150 217
48 158 241
47 150 243
Aver:
11.996 40.908 98.336
