D is 6
The point are: 62 453 1324 1446 2282 8595 15171 19783 1488389 1701641 1771107 2170159 3336330 3705245 4022276 4543200 4644116 5725382 
The edges are: [4644116 62]
[4644116 453]
[4644116 1446]
[4644116 1324]
[4644116 8595]
[62 15171]
[62 4022276]
[62 2282]
[62 19783]
[453 1488389]
[1446 1771107]
[2282 2170159]
[19783 3336330]
[1324 3705245]
[3705245 1701641]
[8595 4543200]
[4543200 5725382]
Query size is: 8
3336330 4022276 2170159 1771107 1488389 5725382 15171 1701641 
The sum weight of Tree is: 17
