6 6 289
7 11 333
6 6 62
5 6 12
6 5 5
7 5 7
5 43 94
6 7 222
6 5 5
6 62 1901
6 56 136
6 8 179
6 6 18
8 94 276
7 58 85
7 8 173
5 5 5
7 28 29
5 6 9
6 31 31
5 5 98
5 5 6
7 45 10
8 8 254
5 31 52
5 5 5
7 8 997
8 110 124
6 32 262
6 10 32
5 5 5
7 10 173
6 5 6
6 74 311
6 5 6
6 27 199
7 6 6
6 57 420
5 5 4
5 5 6
6 7 5
5 6 99
7 10 250
5 5 433
6 14 19
5 11 420
7 12 116
5 5 6
6 7 369
8 29 200
7 15 1566
6 6 23
5 7 65
5 27 13
6 24 20
5 78 199
6 5 6
6 5 42
6 53 987
6 25 56
10 6 309
6 32 51
5 36 56
6 5 5
5 6 5
5 65 95
6 8 12
4 5 6
5 5 7
7 163 254
6 5 5
6 6 86
5 40 67
6 9 18
5 8 110
7 6 8
6 5 5
5 61 171
5 7 11
7 83 116
5 5 683
7 59 100
6 13 182
5 6 572
6 7 94
5 42 65
8 36 751
5 5 5
7 7 214
6 5 6
5 5 5
6 19 79
7 7 740
6 15 24
6 17 26
6 26 340
5 5 31
5 19 11
6 46 101
5 5 6
8 7 323
11 20 475
5 81 590
12 103 253
6 23 177
6 6 5
5 8 42
5 10 151
8 127 442
5 18 1114
5 5 4
5 5 5
7 79 290
7 10 485
6 71 132
5 5 9
6 5 774
7 82 27
8 20 274
7 75 89
6 6 743
5 46 73
6 5 5
7 9 227
5 8 134
5 15 94
6 6 212
5 6 5
5 18 113
6 6 341
6 10 263
10 31 274
8 159 421
7 5 5
6 5 5
5 5 8
7 110 658
11 80 1652
6 61 190
5 9 913
5 4 5
5 32 55
5 8 340
7 90 247
7 125 291
7 7 9
9 14 567
6 49 88
5 5 4
11 37 427
6 18 593
5 5 5
6 20 177
4 6 5
7 36 307
8 6 217
9 90 147
7 50 100
6 6 64
6 56 92
7 111 115
9 14 472
6 5 480
7 93 170
5 6 5
6 8 180
6 78 183
18 14 835
5 6 22
8 9 305
6 8 1375
13 74 168
6 10 1109
5 5 11
8 28 325
5 4 5
6 6 1491
6 45 88
7 58 46
6 13 1207
5 6 128
7 32 316
6 6 692
7 13 340
8 13 233
8 99 181
8 16 808
11 32 609
8 8 227
6 8 216
6 14 1439
12 166 532
7 73 811
6 12 1540
11 42 2082
9 23 842
7 119 277
8 47 370
8 31 534
9 30 609
Aver:
6.45 27.92 271.44
