D is 6
The point are: 12 62 1229 4494 11828 68363 427901 501932 770012 770013 867979 2251992 2525053 2718691 2826131 3363307 3528406 4175580 5637760 
The edges are: [4494 62]
[4494 11828]
[4494 1229]
[4494 12]
[62 2826131]
[62 770013]
[62 68363]
[62 2251992]
[62 867979]
[2826131 4175580]
[11828 427901]
[427901 2718691]
[1229 3363307]
[3363307 501932]
[770013 770012]
[68363 5637760]
[12 3528406]
[867979 2525053]
Query size is: 8
4175580 2718691 501932 770012 5637760 3528406 2251992 2525053 
The sum weight of Tree is: 205.58
