D is 6
The point are: 153 1440 3700 13611 18945 22931 58058 139548 244624 274934 475835 822217 1507933 1557665 1987274 3702934 4080039 4528510 
The edges are: [153 3702934]
[153 3700]
[153 1507933]
[153 58058]
[153 4080039]
[153 1557665]
[153 4528510]
[3702934 274934]
[3700 244624]
[1507933 18945]
[18945 822217]
[4080039 1440]
[1440 475835]
[1557665 13611]
[13611 1987274]
[4528510 22931]
[22931 139548]
Query size is: 7
274934 244624 822217 58058 475835 1987274 139548 
The sum weight of Tree is: 17
