6 2 2
3 3 5
2 2 4
2 3 5
3 3 4
2 4 4
3 3 3
3 2 4
2 4 5
3 4 5
2 3 4
2 4 3
3 3 3
2 3 4
3 3 5
2 3 4
4 3 3
2 3 7
2 4 4
3 3 5
2 4 4
2 4 4
3 3 3
2 4 4
3 3 3
2 2 3
3 2 4
2 3 4
2 3 3
2 2 5
3 4 7
2 2 5
3 4 3
2 3 5
2 3 4
3 3 5
2 3 4
2 3 3
3 2 3
3 4 5
3 3 4
2 4 4
3 4 3
3 5 6
2 3 5
2 4 5
3 3 7
2 3 5
3 4 6
2 3 4
3 4 14
2 8 26
4 9 36
3 9 23
2 18 22
4 13 45
3 9 58
3 16 22
2 6 29
3 8 27
3 8 21
3 9 30
3 7 24
3 6 14
2 5 11
4 9 46
3 9 41
3 13 42
3 7 35
4 8 24
3 8 40
3 6 29
3 9 32
3 6 50
3 6 24
3 10 26
3 7 25
3 13 46
3 8 37
3 6 35
2 11 56
3 12 36
3 10 53
2 5 22
3 10 60
3 6 17
3 5 36
3 6 26
3 10 26
3 6 40
3 8 21
3 7 45
3 8 30
3 7 27
3 13 36
3 6 28
4 10 34
3 8 26
3 6 24
3 5 22
4 25 150
4 8 76
4 11 46
3 27 74
4 26 45
5 27 59
4 8 47
5 11 45
3 10 196
4 18 56
3 15 57
4 16 106
4 16 60
4 27 51
4 15 54
3 16 45
4 14 94
4 10 69
3 9 75
3 8 76
5 13 50
4 26 113
4 21 76
5 10 125
4 13 45
4 10 43
3 9 45
4 21 93
3 10 41
5 29 45
3 18 104
3 14 118
4 19 102
3 10 65
4 9 68
3 11 138
3 8 177
3 8 184
3 27 60
3 11 163
4 10 85
3 8 46
4 16 50
4 15 46
4 14 142
4 9 66
4 10 145
3 8 46
4 10 63
3 9 60
2 4 41
2 3 34
2 3 36
3 3 7
2 3 44
3 4 36
3 3 36
2 3 28
2 3 51
2 3 20
2 3 30
2 2 28
2 4 71
3 3 53
3 3 38
2 2 30
2 4 42
2 3 35
2 3 66
2 3 9
2 4 61
2 3 65
2 2 35
3 2 35
2 3 46
2 3 26
2 3 35
2 3 21
2 3 19
3 3 50
2 3 59
2 3 23
2 3 29
2 2 13
2 3 19
2 3 23
2 3 39
3 4 38
2 3 50
2 3 52
2 2 42
3 3 46
2 3 57
2 4 50
2 3 45
3 4 23
2 2 42
2 2 49
3 2 9
3 3 38
13 56 94
14 31 81
11 20 27
11 31 53
17 58 89
12 18 27
17 36 53
10 19 27
17 61 95
11 20 28
14 41 90
13 27 93
10 36 87
11 34 44
13 33 37
11 37 95
11 28 82
11 34 82
13 42 88
10 28 83
12 50 98
11 20 28
13 30 87
10 31 79
16 58 92
16 51 95
15 29 71
15 44 93
16 57 90
10 19 28
15 53 91
12 27 87
12 24 31
14 38 89
13 27 95
11 33 86
12 28 89
12 34 110
11 25 98
16 49 84
10 20 26
16 56 87
13 42 86
18 60 88
11 51 89
17 59 90
10 27 78
10 22 60
13 48 91
10 25 84
Aver:
4.856 13.108 46.104
