D is 6
The point are: 666 5248 15284 20428 26087 47351 162050 225002 314594 388775 407642 827660 1143783 1161852 1359886 1552485 1951757 3017517 3876155 
The edges are: [5248 1161852]
[5248 225002]
[5248 407642]
[5248 388775]
[5248 1552485]
[5248 1143783]
[1161852 47351]
[47351 1359886]
[225002 26087]
[26087 1951757]
[407642 20428]
[20428 3017517]
[388775 15284]
[15284 827660]
[1552485 666]
[666 162050]
[1143783 314594]
[314594 3876155]
Query size is: 6
1359886 1951757 3017517 827660 162050 3876155 
The sum weight of Tree is: 18
