D is 6
The point are: 62 206 1446 2181 2516 4885 29222 83754 169768 245529 326106 946941 946946 1888825 2641442 2688164 4884455 5882423 5882424 
The edges are: [2181 29222]
[2181 946941]
[2181 4885]
[2181 2641442]
[2181 326106]
[2181 206]
[29222 2516]
[2516 245529]
[946941 946946]
[946946 2688164]
[4885 4884455]
[4884455 1888825]
[2641442 62]
[62 169768]
[326106 5882423]
[5882423 5882424]
[206 1446]
[1446 83754]
Query size is: 6
245529 2688164 1888825 169768 5882424 83754 
The sum weight of Tree is: 195.845
