D is 6
The point are: 7 780 846 4769 6632 77517 77518 129758 133930 450337 547490 924312 1668799 1693828 1864355 2078797 2658817 3083632 3116404 3551711 4400794 4537064 
The edges are: [780 1693828]
[780 133930]
[780 924312]
[780 2078797]
[780 129758]
[780 4400794]
[780 3551711]
[780 3116404]
[780 846]
[2078797 4769]
[4769 2658817]
[129758 1864355]
[1864355 450337]
[4400794 6632]
[6632 1668799]
[3551711 547490]
[547490 4537064]
[3116404 7]
[7 3083632]
[846 77517]
[77517 77518]
Query size is: 9
3083632 1693828 924312 4537064 450337 1668799 133930 2658817 77518 
The sum weight of Tree is: 220.522
