D is 6
The point are: 653 952 1198 2282 2575 3453 22098 195259 201058 230098 437270 527123 957656 2170159 2317488 2696057 3430635 4217924 4228058 4424012 4461154 5435985 
The edges are: [653 230098]
[653 2317488]
[653 5435985]
[653 2696057]
[653 957656]
[653 4217924]
[653 3430635]
[230098 3453]
[3453 4228058]
[2317488 195259]
[195259 4461154]
[5435985 2282]
[2282 2170159]
[2696057 22098]
[22098 4424012]
[957656 2575]
[2575 201058]
[4217924 1198]
[1198 527123]
[3430635 952]
[952 437270]
Query size is: 7
4228058 4461154 2170159 4424012 201058 527123 437270 
The sum weight of Tree is: 238.329
