D is 6
The point are: 7 572 981 1483 2181 6820 16768 32833 45484 55662 133822 180984 604943 1129815 1383811 3150216 3224231 3965164 4154658 4761387 5144825 5297373 
The edges are: [1483 4761387]
[1483 5144825]
[1483 3224231]
[1483 133822]
[1483 3965164]
[1483 3150216]
[1483 55662]
[4761387 7]
[7 4154658]
[5144825 2181]
[2181 16768]
[3224231 604943]
[604943 1129815]
[133822 32833]
[32833 180984]
[3965164 981]
[981 45484]
[3150216 572]
[572 1383811]
[55662 6820]
[6820 5297373]
Query size is: 7
4154658 16768 1129815 180984 45484 1383811 5297373 
The sum weight of Tree is: 21
