D is 6
The point are: 62 394 1123 2353 37052 90347 101841 236306 982950 1089949 2826131 3411774 3411776 3985355 4175580 4988845 5050028 5764737 
The edges are: [90347 62]
[90347 1123]
[90347 2353]
[90347 394]
[62 1089949]
[62 4988845]
[62 2826131]
[62 236306]
[4988845 37052]
[2826131 4175580]
[236306 5050028]
[1123 3411774]
[3411774 3411776]
[2353 982950]
[982950 3985355]
[394 101841]
[101841 5764737]
Query size is: 7
4175580 5764737 5050028 1089949 3985355 3411776 37052 
The sum weight of Tree is: 17
