D is 6
The point are: 49192 50404 59778 65602 131978 146910 248975 248991 310179 371487 417290 424562 432899 449211 498068 508206 508650 508717 
The edges are: [310179 49192]
[310179 59778]
[310179 50404]
[310179 146910]
[310179 65602]
[310179 131978]
[49192 449211]
[50404 498068]
[498068 371487]
[146910 424562]
[146910 508650]
[424562 417290]
[508650 508717]
[65602 248991]
[248991 432899]
[131978 248975]
[248975 508206]
Query size is: 8
449211 59778 508717 49192 432899 371487 508206 417290 
The sum weight of Tree is: 17
