D is 6
The point are: 62 952 1576 2707 5234 9256 13611 21581 27301 332999 364742 527688 599250 655742 822217 1311062 2584656 2883994 3998113 4654272 
The edges are: [952 2883994]
[952 1311062]
[952 364742]
[952 655742]
[952 599250]
[952 3998113]
[952 4654272]
[2883994 62]
[62 21581]
[1311062 9256]
[9256 2584656]
[655742 2707]
[2707 27301]
[599250 1576]
[1576 822217]
[3998113 13611]
[13611 527688]
[4654272 5234]
[5234 332999]
Query size is: 7
21581 2584656 364742 27301 822217 527688 332999 
The sum weight of Tree is: 19
