D is 6
The point are: 62 73 394 952 1544 2181 2600 10166 55662 84496 127995 427904 427905 599250 857280 1094350 1167955 1436541 2718691 3487463 3571519 3788881 4053858 5635310 5743355 
The edges are: [73 55662]
[73 427904]
[73 857280]
[73 599250]
[73 3788881]
[73 5635310]
[73 1436541]
[73 3487463]
[55662 2600]
[2600 4053858]
[427904 427905]
[427905 2718691]
[857280 952]
[952 5743355]
[599250 10166]
[10166 127995]
[3788881 1544]
[1544 3571519]
[5635310 62]
[62 1094350]
[1436541 2181]
[2181 1167955]
[3487463 394]
[394 84496]
Query size is: 8
4053858 2718691 5743355 127995 3571519 1094350 1167955 84496 
The sum weight of Tree is: 246.48
