D is 6
The point are: 3908 3909 4862 4863 7041 7042 7900 7901 10094 10095 14077 14078 14941 14942 49552 61370 137891 251253 363279 365492 365493 371315 427608 
The edges are: [251253 7900]
[251253 14077]
[251253 10094]
[251253 7041]
[251253 3908]
[251253 4862]
[251253 14941]
[7900 7901]
[7901 49552]
[14077 14078]
[14078 137891]
[10094 10095]
[10095 61370]
[7041 7042]
[7042 427608]
[3908 3909]
[3909 371315]
[4862 4863]
[4863 365493]
[4863 365492]
[14941 14942]
[14942 363279]
Query size is: 8
49552 137891 61370 427608 371315 365493 363279 365492 
The sum weight of Tree is: 265.384
