D is 6
The point are: 47310 49882 53020 59524 66414 131448 139276 143101 147657 310179 360267 377421 379700 379701 382463 397808 430214 430215 509564 512407 513021 
The edges are: [310179 143101]
[310179 53020]
[310179 147657]
[310179 66414]
[310179 139276]
[310179 59524]
[310179 49882]
[310179 131448]
[143101 377421]
[53020 512407]
[147657 379700]
[379700 379701]
[139276 513021]
[513021 382463]
[59524 430214]
[430214 430215]
[49882 47310]
[47310 397808]
[131448 509564]
[509564 360267]
Query size is: 8
377421 512407 379701 66414 382463 430215 397808 360267 
The sum weight of Tree is: 208.334
