D is 6
The point are: 12 62 284 604 10329 15273 20760 34247 40441 69302 286702 385634 782526 1572588 2826131 3581010 4175580 4753117 4823266 4870786 5573279 
The edges are: [604 62]
[604 12]
[62 4823266]
[62 2826131]
[62 15273]
[62 69302]
[62 20760]
[62 284]
[4823266 782526]
[2826131 4175580]
[15273 3581010]
[12 385634]
[12 5573279]
[12 4870786]
[385634 1572588]
[69302 4753117]
[5573279 10329]
[4870786 286702]
[20760 40441]
[284 34247]
Query size is: 9
782526 4175580 3581010 1572588 4753117 10329 286702 40441 34247 
The sum weight of Tree is: 20
