D is 6
The point are: 54586 65076 65602 66670 131198 138181 143123 145810 163299 248991 310179 310181 351345 351346 356457 356458 369625 387652 387697 389268 
The edges are: [310179 143123]
[310179 54586]
[310179 145810]
[310179 65076]
[310179 131198]
[310179 66670]
[310179 65602]
[143123 387652]
[387652 387697]
[54586 356457]
[356457 356458]
[65076 351345]
[351345 351346]
[131198 310181]
[310181 163299]
[66670 389268]
[389268 369625]
[65602 248991]
[248991 138181]
Query size is: 7
387697 356458 145810 351346 163299 369625 138181 
The sum weight of Tree is: 19
