D is 6
The point are: 47794 49914 50808 57424 59524 64340 67938 133663 141705 149991 310179 365931 371778 378572 378624 430214 430215 486577 489916 694712 
The edges are: [310179 49914]
[310179 57424]
[310179 64340]
[310179 149991]
[310179 141705]
[310179 133663]
[310179 50808]
[310179 67938]
[310179 59524]
[141705 378572]
[378572 378624]
[133663 694712]
[694712 365931]
[50808 486577]
[486577 371778]
[67938 489916]
[489916 47794]
[59524 430214]
[430214 430215]
Query size is: 9
47794 378624 64340 49914 365931 371778 149991 57424 430215 
The sum weight of Tree is: 184.271
