D is 6
The point are: 47320 47464 49190 55420 127295 131332 135337 139183 144924 248907 310179 371637 372898 375811 377201 377305 386913 402627 444365 448632 505419 508648 
The edges are: [47464 135337]
[47464 375811]
[47464 49190]
[47464 131332]
[47464 448632]
[47464 55420]
[47464 371637]
[135337 47320]
[47320 386913]
[375811 444365]
[444365 402627]
[49190 508648]
[508648 139183]
[131332 310179]
[310179 144924]
[448632 248907]
[248907 127295]
[55420 377201]
[377201 377305]
[371637 505419]
[505419 372898]
Query size is: 7
386913 402627 139183 144924 127295 377305 372898 
The sum weight of Tree is: 209.165
