3 4 4
3 6 51
2 3 19
5 5 8
3 13 51
3 8 59
3 3 28
3 4 22
3 5 24
3 4 13
3 13 251
3 4 4
2 5 9
3 4 11
3 4 11
3 6 24
4 4 17
3 6 46
3 4 46
4 4 11
3 5 64
3 10 27
3 5 42
4 4 7
3 4 33
2 3 5
3 4 6
2 3 5
2 3 4
2 3 10
2 4 9
3 3 6
3 4 4
3 5 49
2 4 8
3 6 64
3 6 45
2 3 4
3 3 6
3 5 41
3 3 7
3 5 6
2 3 5
2 18 346
3 4 7
2 4 11
3 4 51
2 3 15
2 4 6
2 3 7
3 10 1059
3 26 987
3 50 1057
3 24 524
3 18 514
3 28 531
3 21 485
4 28 346
3 20 341
3 15 352
4 20 305
3 26 278
3 23 315
3 10 56
3 5 15
4 14 460
3 21 372
3 8 324
4 18 286
3 31 318
3 17 245
6 15 382
3 27 271
3 19 308
3 15 281
3 12 252
4 16 336
3 21 253
5 16 293
4 15 352
7 18 284
4 18 359
3 31 342
4 13 227
3 15 318
3 16 277
3 14 432
4 12 276
4 14 324
5 11 301
5 20 209
3 19 327
3 30 431
3 14 381
3 25 311
3 15 249
3 22 275
3 17 421
3 17 380
3 13 219
5 31 924
5 36 694
5 25 972
5 30 1081
5 34 727
4 24 1237
5 23 951
8 50 502
5 25 552
6 26 718
5 24 1216
5 34 904
4 37 1063
6 45 913
5 33 709
4 34 629
4 37 910
5 27 835
4 26 547
5 26 952
5 34 1390
6 39 1028
4 28 973
5 26 939
5 42 751
4 24 653
5 21 915
5 37 639
5 30 796
7 36 685
4 22 1149
5 27 1217
5 23 828
4 27 877
4 23 828
4 47 889
4 28 1061
5 28 1028
5 29 695
5 20 539
4 26 1071
6 21 449
4 25 980
4 34 606
5 27 1134
4 29 1019
6 36 1195
7 21 834
5 30 948
6 28 630
3 3 166
3 3 34
2 4 147
3 4 15
3 2 54
3 4 38
3 3 143
2 3 135
2 3 197
2 2 81
3 3 24
3 3 103
2 4 406
2 2 230
3 3 60
2 2 76
3 4 255
3 3 125
2 3 181
2 3 28
3 3 335
2 4 204
2 3 131
3 3 34
2 3 72
2 4 54
2 3 104
3 3 67
2 3 42
2 2 198
2 4 141
3 3 92
3 3 139
2 3 37
2 4 86
3 3 123
2 4 95
3 3 126
3 4 98
3 3 207
2 2 185
2 3 178
2 3 231
3 3 101
2 3 93
2 7 62
3 2 126
2 3 85
2 3 47
3 3 131
53 251 468
49 230 284
51 233 324
51 217 287
41 236 421
46 224 295
44 260 290
50 225 292
44 251 394
48 217 318
45 226 289
45 233 391
48 246 385
47 214 285
41 217 271
48 224 326
46 214 321
49 274 401
47 233 396
53 219 298
44 271 384
49 212 295
46 241 318
54 290 484
43 272 335
45 256 343
40 250 320
46 215 284
45 246 292
58 214 300
44 224 319
46 239 357
49 239 336
42 265 382
45 251 326
48 223 312
49 209 323
45 217 352
53 246 380
44 223 279
50 244 326
44 244 358
46 213 289
45 251 345
54 225 327
46 223 287
69 253 321
47 225 286
48 230 332
51 233 313
Aver:
12.256 58.524 345.58
