D is 6
The point are: 48756 56454 65602 65708 131204 139183 145810 165446 249091 310179 361443 383746 387435 388162 395110 429646 457519 508882 
The edges are: [310179 65708]
[310179 145810]
[310179 48756]
[310179 139183]
[310179 56454]
[310179 65602]
[310179 165446]
[310179 131204]
[65708 508882]
[508882 387435]
[145810 457519]
[457519 388162]
[56454 429646]
[65602 249091]
[249091 361443]
[131204 395110]
[395110 383746]
Query size is: 8
387435 388162 48756 139183 429646 361443 165446 383746 
The sum weight of Tree is: 175.471
