D is 6
The point are: 62 394 997 4062 12829 19914 40544 184911 317117 456129 735754 786645 787148 946941 946946 2612886 2688164 4311501 4744225 
The edges are: [62 997]
[62 946941]
[62 787148]
[62 786645]
[62 4311501]
[62 317117]
[997 40544]
[40544 735754]
[946941 946946]
[946946 2688164]
[787148 394]
[394 456129]
[786645 12829]
[12829 184911]
[4311501 4062]
[4062 2612886]
[317117 19914]
[19914 4744225]
Query size is: 6
735754 2688164 456129 184911 2612886 4744225 
The sum weight of Tree is: 18
