D is 6
The point are: 62 345 740 10765 15146 21215 21367 91350 115138 121224 130811 236306 259165 293797 475019 578303 1072051 1110932 1629721 2269726 5050028 5768139 
The edges are: [62 293797]
[62 236306]
[62 740]
[62 91350]
[62 345]
[62 1072051]
[62 115138]
[62 5768139]
[293797 121224]
[121224 259165]
[236306 5050028]
[740 130811]
[91350 578303]
[345 10765]
[10765 1629721]
[1072051 21215]
[21215 1110932]
[115138 2269726]
[2269726 475019]
[5768139 15146]
[15146 21367]
Query size is: 8
259165 5050028 130811 578303 1629721 1110932 475019 21367 
The sum weight of Tree is: 21
