D is 6
The point are: 9933 47831 47832 53912 55952 65558 65808 67398 123426 134100 144933 146848 310179 359902 360593 379209 382693 400959 412127 415835 451394 452648 488681 503925 508414 693910 693917 
The edges are: [310179 67398]
[310179 146848]
[310179 65808]
[310179 65558]
[310179 123426]
[310179 144933]
[310179 47832]
[310179 53912]
[310179 134100]
[67398 400959]
[400959 55952]
[146848 693910]
[693910 693917]
[65808 9933]
[9933 379209]
[65558 508414]
[508414 359902]
[123426 503925]
[503925 412127]
[144933 451394]
[451394 382693]
[47832 47831]
[53912 452648]
[452648 415835]
[134100 488681]
[488681 360593]
Query size is: 9
55952 693917 379209 359902 412127 382693 47831 415835 360593 
The sum weight of Tree is: 262.245
