D is 6
The point are: 500 1084 1544 2669 2752 4536 52682 94531 253487 489611 771836 1446540 2497036 2961396 3032700 3032702 3505077 4940811 5375380 
The edges are: [2961396 1084]
[2961396 253487]
[2961396 1544]
[2961396 500]
[2961396 2752]
[2961396 2669]
[1084 771836]
[771836 3505077]
[253487 3032700]
[3032700 3032702]
[1544 4536]
[4536 489611]
[500 5375380]
[5375380 4940811]
[2752 94531]
[94531 1446540]
[2669 52682]
[52682 2497036]
Query size is: 6
3505077 3032702 489611 4940811 1446540 2497036 
The sum weight of Tree is: 18
