5 504 2483 
7 619 2364 
6 699 2518 
5 577 2269 
0 232 2301 
0 63 693 
11 1946 11379 
9 2139 12923 
95 8705 39376 
9 1022 3934 
142 6268 17078 
0 111 1925 
113 7544 18610 
52 2152 3973 
26 1850 4018 
78 5608 12449 
8 1027 4641 
14 904 3762 
11 1436 5855 
11 1774 7584 
9 1244 5376 
426 7684 16402 
8 495 1710 
9 381 1449 
12 1437 6992 
5 367 1832 
685 10939 22052 
42 5255 16585 
1344 16687 39468 
7 1153 5675 
8 1171 5552 
17 2781 12044 
17 1662 5939 
4 867 4447 
18 1973 6700 
19 1158 3979 
13 464 1920 
9 409 2118 
4 412 2568 
6 818 5116 
