D is 6
The point are: 47268 47440 53304 57464 58298 59496 60990 67208 126560 358257 360520 363539 371158 371258 376483 378563 382460 382463 383749 383750 431847 509153 509811 
The edges are: [47440 371158]
[47440 360520]
[47440 59496]
[47440 67208]
[47440 58298]
[47440 60990]
[47440 57464]
[47440 53304]
[371158 47268]
[47268 126560]
[360520 376483]
[376483 363539]
[59496 509153]
[509153 431847]
[58298 383749]
[383749 383750]
[60990 382460]
[382460 382463]
[57464 509811]
[509811 358257]
[53304 378563]
[378563 371258]
Query size is: 8
126560 363539 431847 67208 383750 382463 358257 371258 
The sum weight of Tree is: 22
