D is 6
The point are: 49804 49958 53694 58338 131190 132195 141326 143569 143630 143631 143632 145580 154504 154505 248871 248973 249091 360477 387453 473552 500661 
The edges are: [248871 143632]
[248871 141326]
[248871 143630]
[248871 132195]
[248871 145580]
[248871 143569]
[248871 131190]
[248871 154504]
[143632 49958]
[141326 249091]
[249091 387453]
[143630 143631]
[132195 248973]
[248973 360477]
[145580 53694]
[53694 500661]
[143569 49804]
[131190 58338]
[154504 154505]
[154505 473552]
Query size is: 8
49958 387453 143631 360477 500661 49804 58338 473552 
The sum weight of Tree is: 20
