154 326 68
172 331 126
146 73 261
142 460 15
163 65 6
162 114 48
145 51 305
151 497 80
142 101 230
142 414 11
174 170 11
158 93 6
141 63 5
145 104 9
175 171 6
162 422 24
152 94 37
171 90 274
155 600 93
225 76 359
147 378 75
164 540 7
148 256 6
175 485 26
137 80 36
128 393 9
228 50 9
152 112 14
172 521 346
163 99 21
153 92 16
152 80 18
144 88 9
133 88 14
165 67 10
150 456 10
405 142 232
136 503 47
182 90 31
135 530 9
165 79 7
407 106 11
135 89 308
141 76 241
139 314 77
234 394 17
176 82 7
134 80 10
150 576 52
151 102 324
609 2880 216
616 433 13
2043 1319 20
657 1027 194
635 945 52
998 998 671
655 1025 420
705 909 586
640 996 59
666 1779 649
654 289 742
670 2315 168
641 291 496
603 1019 172
621 1210 21
657 1031 106
961 2822 26
641 2331 91
713 946 16
684 891 668
629 2393 798
827 1113 143
670 1168 508
681 1244 12
632 953 41
653 217 22
1477 834 13
620 1156 36
684 1642 761
664 967 48
919 946 48
865 300 724
892 1594 15
703 1038 13
666 983 24
625 221 174
608 1483 136
720 992 131
714 1158 184
768 953 106
642 896 19
632 1033 80
729 464 12
750 536 14
660 791 22
676 1047 109
655 1042 60
691 377 664
651 260 20
641 1157 627
1678 2062 795
1476 2814 54
1554 5220 294
1460 1928 51
2196 895 915
1510 2834 176
1439 4179 745
2433 1650 64
1448 729 1081
1496 1695 261
1453 1450 24
1500 1641 116
1437 3358 309
1402 1389 1034
1577 1977 48
1912 1671 142
1512 1692 355
1930 1803 61
2871 1568 54
1529 2973 309
2659 1843 63
1877 1703 38
1458 1485 197
1592 5024 935
1430 647 704
1502 474 42
1464 1694 189
1543 2176 145
1455 2033 45
2795 1669 56
1460 1398 1022
1496 1188 660
1469 1598 93
1536 2615 25
1404 2373 29
2591 2687 341
1538 2836 180
1459 1974 1088
1435 1075 23
2653 1968 973
1531 547 1042
1756 1755 1001
1492 4275 737
1614 4156 149
1453 2232 882
1432 704 963
1619 1329 39
1490 565 47
1650 2032 1001
1824 684 936
12 211 138
21 89 119
10 430 107
76 84 26
14 276 35
12 171 108
9 185 41
9 250 131
13 524 108
10 206 80
8 108 51
9 142 69
9 246 49
10 714 61
9 352 81
25 239 70
12 515 96
10 437 62
8 107 68
23 476 82
17 829 23
13 655 50
11 284 102
27 138 66
8 629 51
14 377 60
8 147 12
10 96 76
10 116 71
13 239 47
28 1017 126
13 207 38
15 202 95
9 131 93
45 37 523
11 103 95
7 568 96
12 385 77
9 312 155
7 249 10
9 115 85
9 427 61
8 691 73
11 282 70
9 191 63
12 252 97
11 286 84
9 273 151
18 205 79
9 196 60
51759 3007 118
52751 2579 91
51977 2663 128
51405 3073 97
52638 8015 90
52113 4431 99
50678 2393 111
51418 2427 112
51825 2967 114
51921 3334 105
52032 2628 103
53286 3139 117
52775 3059 156
50446 2365 91
49015 3191 142
50539 2841 106
50317 2859 109
50889 2737 100
52655 8481 95
51429 2544 115
52806 2955 113
50655 2409 134
50926 3446 258
50992 3604 246
51346 2896 117
52289 3484 105
51822 3038 96
52726 2637 107
53212 4479 106
50929 2983 120
51993 7601 95
50877 3170 102
50099 2836 120
52462 2908 102
52104 2843 106
51974 3742 106
51609 3287 88
51750 2669 96
52777 2621 110
50479 2694 82
51757 8818 81
50983 3131 99
51366 3169 102
51556 3792 105
52563 9471 98
51697 2815 115
51147 2501 103
50356 2345 99
52655 2837 132
52082 5766 102
Aver:
10849 1444.1 181.484
