40 32936 24296
172 2596 18285
6 330 45
24 14 7
6 11 6
3 3 16
39 88 59
130 957 757
3 3 2
53 37691 187
62 21 9
150 48 77
57 66 113
458 206 54
47 6703 22
102 41 15
5 2 3
123 27 15
4 10 28
13 6 257
3 3 4
3 3 2
38 15 8
346 946 38477
5 568 305
3 3 2
44 4029 916
139 138 9668
176 157 21
337 162 26
2 3 2
21 11999 36
10 4 5
76 24717 50005
2 3 2
49 13 7
62 26 9
409 8618 53
9 7 6
9 7 76
6 5 2
131 50 108
84 1549 1110
3 278 420
407 307 475
51 21042 3630
246 13322 27
4 4 1097
164 400 192
313 166 236
167 50455 77
9 5 4
5 321 481
3 499 7
4 358 481
78 30823 3053
3 3 2
20 573 1441
8 4609 12220
4 366 613
19 388 48
27 11 5
62 84 11
3 2 3
7 3 3
72 19 6
167 21 10
9 15 3
4 2 18
283 53429 32
10 5 4
11 1165 1764
30 16 7
14 81 18
23 5596 52
184 63 31
3 2 43
70 671 1209
3 7 17
123 43 16
7 1518 45
49 249 23
55 29 40
45 8112 1718
67 18 3081
22 12 5
465 27025 105
2 2 3
330 4620 740
5 3 3
3 3 3
60 61 25
177 2769 344
50 210 16
55 96 41
63 235 30
3 443 783
3 20 3
22 23 7
21 8 6
224 50265 14118
640 935 133
85 20370 179
346 141 35
38 20035 51938
2 3 2
7 28 8
58 19 9
500 3928 20776
60 5917 26
2 3 2
3 3 2
93 724 1705
463 2452 490
75 30 16
11 650 525
9 1814 569
212 78 433
280 172 9154
310 40229 57
31 16020 15013
31 8 9
11 6 4
427 2581 630
65 472 1301
92 19 9
224 1917 463
4 3 3
16 503 10
25 7534 12240
65 1592 4224
334 50868 274
234 22812 1954
21 3 4
3 3 2
4 2 2
156 36336 3921
1013 50008 1015
64 1081 2612
49 5122 50001
6 3 3
5 975 3
188 54281 4256
187 79 50000
453 1983 12239
25 2977 2868
238 1776 5506
49 21 11
4 3 3
961 1192 159
62 1114 53
2 3 2
189 206 104
2 2 3
317 2567 59
149 835 2341
234 52 70
33 13 6
5 479 73
78 23 9
295 296 849
2666 669 628
13 4192 5054
113 45 911
2 3 4
75 35120 36
68 52 6438
1456 16146 1343
25 18 3686
113 51262 11766
99 21905 649
51 23145 21
10 7353 3404
3 4 6
545 51597 5084
4 4 3
137 24445 50006
11 5048 6992
204 63 25470
50 17884 12327
22 579 1046
444 50232 1065
4 3060 6282
998 4887 8814
217 74 19
370 97 44
603 8918 82
1600 14574 1332
127 23552 6848
74 70 29
23 7553 1757
503 1171 949
392 51037 17665
75 35371 50001
693 50121 14085
760 1101 50114
229 51245 5682
282 2155 1535
867 51051 1131
570 5072 50005
Aver:
159.225 6999.18 4023.39
