D is 6
The point are: 59524 65744 66414 132417 139276 143101 148918 176160 310179 363840 377421 379347 382463 390926 397807 397808 405032 430214 430215 513021 
The edges are: [310179 66414]
[310179 176160]
[310179 143101]
[310179 65744]
[310179 139276]
[310179 132417]
[310179 148918]
[310179 59524]
[143101 377421]
[65744 379347]
[379347 363840]
[139276 513021]
[513021 382463]
[132417 405032]
[405032 390926]
[148918 397807]
[397807 397808]
[59524 430214]
[430214 430215]
Query size is: 8
377421 176160 390926 66414 382463 430215 397808 363840 
The sum weight of Tree is: 19
