D is 6
The point are: 3401 4826 4871 4872 4873 9740 13404 13806 38131 834225 1091712 1225098 1750384 2047252 2083467 2314019 3365685 4503877 4577615 
The edges are: [3401 1750384]
[3401 4873]
[3401 1091712]
[3401 2083467]
[3401 834225]
[3401 1225098]
[1750384 13806]
[13806 3365685]
[4873 4871]
[4871 4872]
[1091712 9740]
[9740 2047252]
[2083467 38131]
[38131 4577615]
[834225 13404]
[13404 4503877]
[1225098 4826]
[4826 2314019]
Query size is: 6
3365685 4872 2047252 4577615 4503877 2314019 
The sum weight of Tree is: 18
