D is 6
The point are: 47310 49882 50298 51940 55982 65708 131952 153416 163085 165007 248971 310179 358234 358247 380499 382365 429603 461206 461213 508882 693713 
The edges are: [310179 49882]
[310179 163085]
[310179 51940]
[310179 50298]
[310179 153416]
[310179 131952]
[310179 65708]
[310179 165007]
[49882 47310]
[47310 382365]
[163085 461206]
[461206 461213]
[51940 693713]
[50298 358234]
[358234 358247]
[153416 429603]
[131952 248971]
[248971 55982]
[65708 508882]
[508882 380499]
Query size is: 8
382365 461213 693713 358247 429603 55982 380499 165007 
The sum weight of Tree is: 198.206
